0.7718186974525452 0.7837397456169128 -7.696582571270483e-08
0.7413934469223022 0.6485733389854431 -0.004426896572113037
0.6668720841407776 0.5344478487968445 -0.017763933166861534
0.612484335899353 0.44655799865722656 -0.031777750700712204
0.5966644287109375 0.35600289702415466 -0.04727686196565628
0.6065772175788879 0.5631598830223083 -0.03285463899374008
0.5123066902160645 0.5820605754852295 -0.052865054458379745
0.5257371068000793 0.5967739820480347 -0.06413736194372177
0.5586851239204407 0.6021153926849365 -0.06809288263320923
0.5954775214195251 0.6516775488853455 -0.03920133039355278
0.500199556350708 0.6591954827308655 -0.05107651650905609
0.5269594192504883 0.6721490621566772 -0.05231062322854996
0.5653247833251953 0.6778759360313416 -0.05267639830708504
0.5896310806274414 0.7414035797119141 -0.0442957878112793
0.4996604323387146 0.7329907417297363 -0.05109241232275963
0.5276811718940735 0.7409487962722778 -0.039220619946718216
0.5671555995941162 0.7465775609016418 -0.031004279851913452
0.5894885659217834 0.826094388961792 -0.049224853515625
0.5112349390983582 0.8057459592819214 -0.05109604075551033
0.5371713638305664 0.8063696026802063 -0.03499603271484375
0.5725470781326294 0.8092899322509766 -0.021538864821195602
