0.5142101049423218 0.8245698809623718 -3.3485031281088595e-07
0.5374348163604736 0.7243683338165283 -0.04471142217516899
0.544719398021698 0.6056599020957947 -0.07582408934831619
0.5536067485809326 0.5265042781829834 -0.09906545281410217
0.582322895526886 0.472548246383667 -0.12062758952379227
0.41230568289756775 0.6009747982025146 -0.09641726315021515
0.5434547662734985 0.6879673004150391 -0.13339011371135712
0.5552778244018555 0.7018747925758362 -0.1538369059562683
0.5296947956085205 0.6843208074569702 -0.169663205742836
0.3800314664840698 0.704570472240448 -0.09315557032823563
0.5445467829704285 0.7939447164535522 -0.11748084425926208
0.5451284646987915 0.7816470861434937 -0.11999570578336716
0.5068538188934326 0.7564463019371033 -0.1296781748533249
0.36828091740608215 0.8026984930038452 -0.09063553065061569
0.5269654989242554 0.8838134407997131 -0.10706903040409088
0.5294784307479858 0.8655534386634827 -0.09635315090417862
0.4895024597644806 0.8348332047462463 -0.09541758894920349
0.36910557746887207 0.8952935934066772 -0.09504599124193192
0.4907550811767578 0.9498356580734253 -0.10985121130943298
0.504043459892273 0.9382864236831665 -0.1073501780629158
0.4785204231739044 0.9171306490898132 -0.10713880509138107
