0.3288005292415619 0.8956047296524048 -4.974580747330037e-07
0.26951083540916443 0.771934986114502 -0.01684175804257393
0.2097022831439972 0.6257569789886475 -0.04682198166847229
0.1732054203748703 0.5047312378883362 -0.07307711988687515
0.13925154507160187 0.40868639945983887 -0.10492181777954102
0.24886301159858704 0.6638475656509399 -0.11001019924879074
0.10997754335403442 0.6708300113677979 -0.1574186384677887
0.10273068398237228 0.704497754573822 -0.17745260894298553
0.12467159330844879 0.7176494002342224 -0.18626920878887177
0.2657734155654907 0.7619180083274841 -0.12289514392614365
0.10487978160381317 0.7736261487007141 -0.15804478526115417
0.08936319500207901 0.7956953644752502 -0.15800981223583221
0.10827421396970749 0.8038373589515686 -0.16369476914405823
0.27122706174850464 0.8618535995483398 -0.13385671377182007
0.11935048550367355 0.8723160624504089 -0.16665798425674438
0.10340753197669983 0.8838385939598083 -0.15275514125823975
0.11903798580169678 0.8817735910415649 -0.146466925740242
0.26472198963165283 0.9516720771789551 -0.14368519186973572
0.14112040400505066 0.9651228785514832 -0.17031706869602203
0.13486333191394806 0.9670159816741943 -0.15982353687286377
0.1532401591539383 0.9603183269500732 -0.15254446864128113
