0.7161251306533813 0.7265392541885376 -8.255687333758033e-08
0.7198391556739807 0.579013466835022 -0.01048740092664957
0.6688680052757263 0.46380287408828735 -0.018365483731031418
0.6154829859733582 0.3744944930076599 -0.026712661609053612
0.6049736142158508 0.28568241000175476 -0.03517686948180199
0.5411084890365601 0.514072060585022 0.011717644520103931
0.5585574507713318 0.4812464714050293 0.014701830223202705
0.6018255352973938 0.5029032826423645 0.004309607204049826
0.6233569383621216 0.5286797881126404 -0.006223191972821951
0.5248534679412842 0.5895726680755615 0.013778464868664742
0.5490942001342773 0.5565674304962158 0.02901657111942768
0.5869584679603577 0.5676302313804626 0.022590570151805878
0.607231080532074 0.590455174446106 0.011157798580825329
0.5283721089363098 0.662460207939148 0.015184189192950726
0.5478730201721191 0.6242470741271973 0.030885478481650352
0.5796497464179993 0.6285291910171509 0.03103327564895153
0.6002105474472046 0.6465089321136475 0.024026891216635704
0.5386000871658325 0.7223780751228333 0.015027460642158985
0.5517988204956055 0.6891720294952393 0.030552569776773453
0.5787167549133301 0.687334418296814 0.040285512804985046
0.5963948965072632 0.6990833282470703 0.04457446187734604
