0.48445793986320496 0.860663115978241 -4.0862596506485716e-07
0.4954497516155243 0.7345486283302307 -0.012886544689536095
0.5217171311378479 0.578555703163147 -0.034674566239118576
0.5246493816375732 0.4639100432395935 -0.05521909520030022
0.509570837020874 0.3775850534439087 -0.07021024823188782
0.5665006041526794 0.5927199125289917 -0.06147375702857971
0.6846073269844055 0.5642091631889343 -0.09306978434324265
0.6607386469841003 0.5937831401824951 -0.10211588442325592
0.6171118021011353 0.6143588423728943 -0.10275832563638687
0.5907535552978516 0.6696432828903198 -0.06965941190719604
0.7133840322494507 0.6337717771530151 -0.08920396864414215
0.6880453824996948 0.658698558807373 -0.08060571551322937
0.6422588229179382 0.6813371181488037 -0.0753823071718216
0.6158198714256287 0.7483754754066467 -0.07742463052272797
0.7318859100341797 0.7099104523658752 -0.08800707757472992
0.7071787714958191 0.7301841974258423 -0.06602966040372849
0.6635000109672546 0.7505565285682678 -0.052709486335515976
0.6403675675392151 0.821824312210083 -0.08587442338466644
0.735823392868042 0.7832148671150208 -0.08546459674835205
0.7129507660865784 0.7995054721832275 -0.06543450057506561
0.6735773682594299 0.8129319548606873 -0.05243260785937309
