0.8066595196723938 0.7780157923698425 -7.468109970432124e-07
0.7201232314109802 0.602409839630127 -0.02052929811179638
0.669529139995575 0.4060908854007721 -0.0526401586830616
0.6726309657096863 0.2592824399471283 -0.08220066130161285
0.7129186987876892 0.1446971595287323 -0.11318860203027725
0.7481571435928345 0.4341929256916046 -0.10293659567832947
0.5637422800064087 0.48565077781677246 -0.15559899806976318
0.5897441506385803 0.5277512669563293 -0.1776682734489441
0.6399011611938477 0.5140615701675415 -0.18832463026046753
0.7786547541618347 0.5456622242927551 -0.11758032441139221
0.5691648721694946 0.5947486758232117 -0.16148734092712402
0.6027218699455261 0.6028543710708618 -0.15762510895729065
0.6584795117378235 0.5909520387649536 -0.1592065393924713
0.7902762293815613 0.6522545218467712 -0.13231295347213745
0.5919727087020874 0.6802412867546082 -0.1744121015071869
0.6219224333763123 0.6843258738517761 -0.1530243158340454
0.677162230014801 0.6723842024803162 -0.13791567087173462
0.785321831703186 0.7500516772270203 -0.147602379322052
0.6294403672218323 0.7578302621841431 -0.17660918831825256
0.6570565104484558 0.7570138573646545 -0.16366374492645264
0.7149094939231873 0.7494474649429321 -0.1521398276090622
