0.4804374575614929 0.7173197269439697 -3.224950830826856e-07
0.5267177224159241 0.5918319821357727 -0.04384636878967285
0.5530362725257874 0.45946693420410156 -0.06741347163915634
0.5624513626098633 0.34988266229629517 -0.0834818184375763
0.548568606376648 0.2515537738800049 -0.09437069296836853
0.46009477972984314 0.4798262417316437 -0.09290125221014023
0.5785029530525208 0.5414984822273254 -0.136688694357872
0.5470955967903137 0.5423450469970703 -0.15677468478679657
0.4964541792869568 0.5094529390335083 -0.17200613021850586
0.4247649610042572 0.5634714365005493 -0.0935189425945282
0.5624271631240845 0.6260548233985901 -0.1307915896177292
0.5236713886260986 0.595266580581665 -0.13349775969982147
0.47303059697151184 0.5598443746566772 -0.14244073629379272
0.4090113043785095 0.6534050107002258 -0.09693140536546707
0.5338015556335449 0.6982132792472839 -0.1329292207956314
0.5025238990783691 0.66743403673172 -0.120560422539711
0.46094810962677 0.6386089324951172 -0.11399605870246887
0.40289559960365295 0.735345721244812 -0.10528746992349625
0.4826928377151489 0.7534383535385132 -0.142878919839859
0.4655199348926544 0.7204208374023438 -0.147539421916008
0.4338415861129761 0.698787271976471 -0.14893285930156708
