0.11213691532611847 0.973361074924469 -5.406894274528895e-07
0.12250837683677673 0.7565329074859619 -0.029215151444077492
0.1308756023645401 0.5606635808944702 -0.05167129263281822
0.12162971496582031 0.4077247977256775 -0.0730208158493042
0.07620324194431305 0.29940560460090637 -0.08793679624795914
0.06468157470226288 0.5864980220794678 -0.052632298320531845
0.2559499442577362 0.5463706254959106 -0.10317464172840118
0.2404899001121521 0.5956181287765503 -0.13239611685276031
0.18251709640026093 0.6026978492736816 -0.15253759920597076
0.0784003809094429 0.6992501020431519 -0.06409581005573273
0.2943252623081207 0.658905565738678 -0.09901034832000732
0.2517203390598297 0.6967054605484009 -0.10292688012123108
0.19096234440803528 0.707868754863739 -0.11498991400003433
0.10356313735246658 0.8051736950874329 -0.08098588138818741
0.3067007064819336 0.7644563317298889 -0.10776460915803909
0.25811225175857544 0.7999365925788879 -0.09489084780216217
0.20489637553691864 0.8110516667366028 -0.09285727888345718
0.13361628353595734 0.8957703113555908 -0.10268581658601761
0.29204386472702026 0.8748425245285034 -0.11347553879022598
0.2529953718185425 0.896681010723114 -0.10622387379407883
0.19766393303871155 0.9068347215652466 -0.10673295706510544
