0.7504025101661682 0.6930828094482422 -1.6822869497445936e-07
0.7335984706878662 0.5512775182723999 0.005024394486099482
0.6672994494438171 0.4310227334499359 0.0023963951971381903
0.6081506609916687 0.33671990036964417 -0.0024129636585712433
0.6073565483093262 0.2400360405445099 -0.007454846054315567
0.5381475687026978 0.46641698479652405 0.019056666642427444
0.5353196263313293 0.4589778184890747 0.024474455043673515
0.5811352729797363 0.48711204528808594 0.01634005643427372
0.60975182056427 0.5056455135345459 0.008843627758324146
0.5110390186309814 0.5501635670661926 0.015581827610731125
0.5213669538497925 0.5412350296974182 0.03468891605734825
0.5650562644004822 0.5587633848190308 0.03178000450134277
0.5945497751235962 0.5748802423477173 0.02478756755590439
0.5040496587753296 0.6350936889648438 0.013398338109254837
0.5214081406593323 0.6228277683258057 0.03530672565102577
0.5589752197265625 0.6309130191802979 0.03785913065075874
0.5886027812957764 0.643256664276123 0.03328811004757881
0.5069660544395447 0.7099721431732178 0.01075055729597807
0.5153751373291016 0.6950666904449463 0.0350225456058979
0.5486968159675598 0.6958886384963989 0.050283610820770264
0.5737992525100708 0.7016860842704773 0.05951984226703644
