0.7347644567489624 0.7354317903518677 -6.877835545537891e-08
0.7310566306114197 0.5836833715438843 -0.0004202906566206366
0.6724134087562561 0.47583115100860596 -0.00325758196413517
0.6192923188209534 0.3844567537307739 -0.00784697663038969
0.6093345880508423 0.29471299052238464 -0.012461765669286251
0.5485104918479919 0.5237843990325928 0.02612418495118618
0.5639992952346802 0.48781847953796387 0.03780309110879898
0.6105501055717468 0.5087064504623413 0.031933221966028214
0.6341212391853333 0.5350711941719055 0.02434546872973442
0.5308822393417358 0.5996021628379822 0.0275861993432045
0.5557407140731812 0.5599669218063354 0.05275282263755798
0.5966060161590576 0.572238564491272 0.048289328813552856
0.6184133887290955 0.5983284115791321 0.03744611516594887
0.5333691239356995 0.6711692810058594 0.02981439046561718
0.5524688363075256 0.6260911226272583 0.05743611603975296
0.5877429842948914 0.6305809617042542 0.05938039720058441
0.6113924980163574 0.6503919363021851 0.05162553861737251
0.543331503868103 0.7290058732032776 0.03109883889555931
0.5538023710250854 0.6885653734207153 0.058047808706760406
0.5811833739280701 0.6896063089370728 0.07169485837221146
0.5997467637062073 0.7056443095207214 0.07740288227796555
