0.7709063291549683 0.7650679349899292 -3.469358489383012e-07
0.7347109317779541 0.5935543775558472 -0.017430491745471954
0.7160856127738953 0.4314842224121094 -0.033682338893413544
0.7212300896644592 0.30132701992988586 -0.049940865486860275
0.7359889149665833 0.20040813088417053 -0.0652446299791336
0.7511664032936096 0.466177761554718 -0.026362745091319084
0.7007560133934021 0.4409624934196472 -0.05879104509949684
0.6931213736534119 0.4565931558609009 -0.08547380566596985
0.693343460559845 0.46775850653648376 -0.10230068117380142
0.779356062412262 0.547839879989624 -0.03449453413486481
0.7267868518829346 0.5154207348823547 -0.062017448246479034
0.752661406993866 0.5024950504302979 -0.07799063622951508
0.7731765508651733 0.4962652027606964 -0.09146346896886826
0.8012796640396118 0.6241210103034973 -0.044811367988586426
0.7479792237281799 0.579336941242218 -0.06979350745677948
0.7710025906562805 0.5694069862365723 -0.06403999030590057
0.7890468239784241 0.5724097490310669 -0.05769457295536995
0.8165302276611328 0.6897576451301575 -0.056761324405670166
0.7793145179748535 0.6308373808860779 -0.06742382794618607
0.7880260348320007 0.6125835180282593 -0.05390877649188042
0.7984920740127563 0.6102367639541626 -0.04216854274272919
