0.45726877450942993 0.8846165537834167 -2.484362653376593e-07
0.4139474332332611 0.7532575726509094 -0.04260909929871559
0.3300950527191162 0.6314091086387634 -0.05996701121330261
0.25587719678878784 0.5464866161346436 -0.07319851964712143
0.19982755184173584 0.5093346834182739 -0.07920984923839569
0.2170354276895523 0.7431535720825195 -0.023544559255242348
0.1911301612854004 0.7403437495231628 -0.060625940561294556
0.25048479437828064 0.7324411869049072 -0.0801626443862915
0.2659059166908264 0.7273992896080017 -0.0885125920176506
0.21088102459907532 0.8407262563705444 -0.01711387000977993
0.18573060631752014 0.8412522077560425 -0.04924344643950462
0.2567291855812073 0.8207805752754211 -0.05313572287559509
0.2739982008934021 0.8168734312057495 -0.050364796072244644
0.22180727124214172 0.9263386726379395 -0.0183237437158823
0.19457310438156128 0.9285049438476562 -0.04989951103925705
0.26101699471473694 0.9034216403961182 -0.03216163069009781
0.28205370903015137 0.8979470729827881 -0.013725326396524906
0.24353107810020447 0.999402642250061 -0.023792749270796776
0.21898436546325684 0.9950394630432129 -0.03712741285562515
0.26276272535324097 0.9749264717102051 -0.018189027905464172
0.28075331449508667 0.9709353446960449 0.0007760117296129465
