0.3672636151313782 0.9053502082824707 -3.00998372892991e-08
0.3436679542064667 0.7898460030555725 -0.04145095497369766
0.28356441855430603 0.6436365246772766 -0.08717753738164902
0.2414211630821228 0.522849440574646 -0.12422758340835571
0.22006645798683167 0.4167480766773224 -0.16533181071281433
0.32786327600479126 0.7286942601203918 -0.14846882224082947
0.2163553535938263 0.7007172703742981 -0.2110537737607956
0.1921663135290146 0.6993546485900879 -0.24164868891239166
0.19337671995162964 0.7029657959938049 -0.2568216621875763
0.3232041299343109 0.8347024917602539 -0.1529717594385147
0.17374365031719208 0.8097969889640808 -0.21033412218093872
0.15328505635261536 0.8125304579734802 -0.22378237545490265
0.1645508110523224 0.8194315433502197 -0.232488214969635
0.3131551146507263 0.9216185808181763 -0.1556941717863083
0.17671406269073486 0.8991856575012207 -0.20187100768089294
0.1506454348564148 0.8981183767318726 -0.19545334577560425
0.15300048887729645 0.8975465297698975 -0.18883267045021057
0.29705387353897095 0.9915916919708252 -0.1592351645231247
0.1865660697221756 0.9748262763023376 -0.1920115053653717
0.17270877957344055 0.9721661806106567 -0.1859664022922516
0.18068888783454895 0.97604900598526 -0.18005351722240448
