0.7842539548873901 0.7448996305465698 2.9471410201153958e-08
0.759128987789154 0.6064978837966919 0.0037351637147367
0.7071570158004761 0.4791451692581177 -0.003546235617250204
0.6629964709281921 0.38778120279312134 -0.013000219129025936
0.6405885219573975 0.31172099709510803 -0.02508406713604927
0.6285398602485657 0.5076021552085876 -0.015276584774255753
0.5478535890579224 0.5024768710136414 -0.026880037039518356
0.5341932773590088 0.5194026231765747 -0.03681366890668869
0.5403617024421692 0.5363113284111023 -0.041698820888996124
0.6026725769042969 0.5951927900314331 -0.023921245709061623
0.518944263458252 0.5847021341323853 -0.0292274821549654
0.5256873965263367 0.6005196571350098 -0.03197183832526207
0.5498675107955933 0.6167373061180115 -0.03479887172579765
0.5861682891845703 0.6863483190536499 -0.03058445267379284
0.5067118406295776 0.6719327569007874 -0.03135743737220764
0.5233811140060425 0.6769589781761169 -0.021444348618388176
0.5565029382705688 0.6873171329498291 -0.016083961352705956
0.5804919600486755 0.7723666429519653 -0.03660501912236214
0.5115338563919067 0.7497254014015198 -0.03353969007730484
0.5272971987724304 0.7475205659866333 -0.01717013493180275
0.5568758249282837 0.7501823306083679 -0.0040476503781974316
