0.8092540502548218 0.8108775019645691 -4.2774368580467126e-07
0.7380590438842773 0.6481124758720398 -0.018618278205394745
0.6953252553939819 0.48342612385749817 -0.04443949833512306
0.6960117220878601 0.3590080142021179 -0.07012476772069931
0.7240533232688904 0.25881046056747437 -0.09576024115085602
0.7611930966377258 0.5042979717254639 -0.0536327064037323
0.6077234745025635 0.527662992477417 -0.09587828814983368
0.6273251175880432 0.558113694190979 -0.12280231714248657
0.6657657623291016 0.5530406832695007 -0.13935993611812592
0.7770081758499146 0.5943081974983215 -0.06522572785615921
0.6123296022415161 0.6208092570304871 -0.10216232389211655
0.643119752407074 0.619393527507782 -0.110720194876194
0.6904312372207642 0.6124131083488464 -0.12105307728052139
0.7771869897842407 0.6781586408615112 -0.07948708534240723
0.629368007183075 0.6909494996070862 -0.11251334846019745
0.6568772792816162 0.6928556561470032 -0.10081116110086441
0.7038328647613525 0.6846880912780762 -0.093365378677845
0.7666153311729431 0.754546046257019 -0.09555861353874207
0.6579440236091614 0.7594374418258667 -0.11474542319774628
0.6803415417671204 0.76438969373703 -0.10600263625383377
0.7226629257202148 0.7618535757064819 -0.09963341802358627
