0.47690272331237793 0.8509457111358643 3.998522757342471e-08
0.45965468883514404 0.7281286120414734 -0.0598175972700119
0.38467317819595337 0.5756717920303345 -0.08321927487850189
0.3323768973350525 0.4576231837272644 -0.09814678877592087
0.3221812844276428 0.35292965173721313 -0.10414157807826996
0.2709060311317444 0.6318579316139221 -0.017804427072405815
0.23642338812351227 0.6634999513626099 -0.05746747925877571
0.30853527784347534 0.6837584972381592 -0.07903362810611725
0.3349669277667999 0.6676881909370422 -0.08848981559276581
0.24894264340400696 0.7255258560180664 -0.0021594720892608166
0.22099415957927704 0.7619724869728088 -0.04088366776704788
0.3119192123413086 0.7702494859695435 -0.049026794731616974
0.3311695456504822 0.7507630586624146 -0.04506857320666313
0.2465650737285614 0.8168129324913025 0.002479817485436797
0.21922582387924194 0.8404873609542847 -0.03659091144800186
0.30027464032173157 0.8401162028312683 -0.02705131471157074
0.32207727432250977 0.8205865621566772 -0.010743346065282822
0.25417089462280273 0.893547773361206 0.0019787177443504333
0.22926372289657593 0.9092510342597961 -0.017300046980381012
0.2861742079257965 0.9054850339889526 -0.006027774885296822
0.30799242854118347 0.8922666907310486 0.009550112299621105
