0.8371181488037109 0.8365018367767334 -1.6951550207977562e-07
0.8554975986480713 0.692656934261322 -0.015926165506243706
0.8018981218338013 0.5478934049606323 -0.018420133739709854
0.7074291706085205 0.46616852283477783 -0.01718042604625225
0.6421254277229309 0.4084189832210541 -0.013755193911492825
0.6572800874710083 0.557773232460022 0.0061682118102908134
0.6288664937019348 0.5380913019180298 0.007852138951420784
0.6617578268051147 0.5673743486404419 0.0011878266232088208
0.6866915225982666 0.5920016765594482 -0.004145498853176832
0.6172196269035339 0.6390970945358276 0.01285923458635807
0.597690224647522 0.6139388680458069 0.026786090806126595
0.6320945024490356 0.6340777277946472 0.023915905505418777
0.6595660448074341 0.6587067246437073 0.017483318224549294
0.5968171954154968 0.723809540271759 0.01856883242726326
0.5778088569641113 0.6884548664093018 0.028674287721514702
0.609491765499115 0.701694667339325 0.03364371135830879
0.6388592720031738 0.7263370752334595 0.03283325582742691
0.5874077677726746 0.8053236603736877 0.022975562140345573
0.5711528658866882 0.7700825929641724 0.0311554167419672
0.5998986959457397 0.7756743431091309 0.04313071072101593
0.6220455169677734 0.7904044985771179 0.0526469461619854
