0.4155424237251282 0.9490550756454468 -3.8634757970612554e-07
0.4145227372646332 0.7989979982376099 -0.04724706709384918
0.3175833225250244 0.6436811685562134 -0.06452059745788574
0.2527206540107727 0.5213428735733032 -0.0773271694779396
0.26044586300849915 0.41079455614089966 -0.0794006884098053
0.22528323531150818 0.7381289005279541 -0.025780487805604935
0.18961970508098602 0.7456583380699158 -0.06449975818395615
0.2638222575187683 0.7653273940086365 -0.0742243304848671
0.26497510075569153 0.753520131111145 -0.07843081653118134
0.2004202902317047 0.8309580087661743 -0.018176542595028877
0.1868799924850464 0.8380392789840698 -0.059291668236255646
0.2789527475833893 0.843820333480835 -0.052322741597890854
0.27043774724006653 0.829505980014801 -0.03923419117927551
0.18943223357200623 0.919418454170227 -0.020292846485972404
0.1759742796421051 0.9233479499816895 -0.05669645592570305
0.2608165144920349 0.9241387844085693 -0.027939803898334503
0.25694724917411804 0.9089230895042419 -0.0021819763351231813
0.18128234148025513 0.9993809461593628 -0.028009556233882904
0.1793069839477539 1.000722885131836 -0.03965006396174431
0.24130339920520782 1.0017515420913696 -0.017813222482800484
0.24619485437870026 0.9927852153778076 0.001189759699627757
