0.5621621608734131 0.8603858351707458 -4.678009872804978e-07
0.5288407802581787 0.7042298316955566 -0.0580439455807209
0.43781498074531555 0.5566450357437134 -0.08222731947898865
0.3621308207511902 0.4337385296821594 -0.10239461064338684
0.31401991844177246 0.33129361271858215 -0.11100271344184875
0.32641157507896423 0.6383746266365051 -0.023146506398916245
0.28458210825920105 0.6618000268936157 -0.07153360545635223
0.3601883053779602 0.6798398494720459 -0.09000212699174881
0.3831261992454529 0.6640507578849792 -0.09495005756616592
0.30215731263160706 0.7373610734939575 -0.011942864395678043
0.27928805351257324 0.7654417753219604 -0.0579679049551487
0.37534990906715393 0.7715983390808105 -0.05509910359978676
0.3858012855052948 0.7473042607307434 -0.0427360013127327
0.2960512340068817 0.8310223817825317 -0.012961496599018574
0.2647145390510559 0.8582578301429749 -0.056260064244270325
0.34730929136276245 0.8549507856369019 -0.029557421803474426
0.3599548041820526 0.8281711339950562 -0.0014581404393538833
0.2944813072681427 0.9194889068603516 -0.020660817623138428
0.2625580132007599 0.9486200213432312 -0.037613075226545334
0.3128191828727722 0.942131757736206 -0.015505843795835972
0.32697567343711853 0.924196183681488 0.007750437129288912
