0.8578755259513855 0.829551100730896 -5.8535867708542355e-08
0.8648654222488403 0.6746841073036194 -0.003152760909870267
0.8366292119026184 0.530716061592102 -0.012265484780073166
0.8161811828613281 0.41072723269462585 -0.023536618798971176
0.8281570672988892 0.3210405707359314 -0.03337087482213974
0.6799272894859314 0.5146840810775757 0.006198609713464975
0.6381401419639587 0.5049130916595459 0.004132590256631374
0.673986554145813 0.5359290838241577 -0.005872959736734629
0.7084316611289978 0.5623318552970886 -0.013624293729662895
0.6357280015945435 0.6022902131080627 0.0016410762909799814
0.6033071279525757 0.5790624618530273 0.00913882628083229
0.6404097080230713 0.6034490466117859 0.006220302078872919
0.6750352382659912 0.6303076148033142 0.0005977597902528942
0.6117386817932129 0.6950710415840149 -0.0026915129274129868
0.5808975696563721 0.6563684940338135 0.006772329565137625
0.6125672459602356 0.6714032292366028 0.013699337840080261
0.647504448890686 0.6966664791107178 0.014823758974671364
0.6007493734359741 0.7785243988037109 -0.008112271316349506
0.5746843218803406 0.7373046278953552 0.003283268539234996
0.6034582853317261 0.7444185018539429 0.019745929166674614
0.6298421621322632 0.7592513561248779 0.03246469423174858
