0.8758745193481445 0.8341812491416931 -1.0720665954977449e-07
0.840959370136261 0.6620985269546509 -0.00025288373581133783
0.7725189924240112 0.517002284526825 -0.008715711534023285
0.7228808999061584 0.4017433524131775 -0.01856238581240177
0.7194368243217468 0.30432504415512085 -0.026448089629411697
0.626473069190979 0.5832193493843079 -0.0010657794773578644
0.5839642286300659 0.5540605783462524 -0.0021134535782039165
0.6298186779022217 0.5664107799530029 -0.012138895690441132
0.6675135493278503 0.5849995613098145 -0.02038087509572506
0.6003245115280151 0.685139000415802 -0.005165425129234791
0.5731048583984375 0.6455022096633911 0.010324022732675076
0.6137012243270874 0.6489999890327454 0.011185009963810444
0.6483888626098633 0.6697479486465454 0.004981652367860079
0.5974360108375549 0.7795685529708862 -0.00759681174531579
0.5765127539634705 0.7322466969490051 0.012424804270267487
0.6103104948997498 0.7322070598602295 0.024200359359383583
0.645401120185852 0.7503184080123901 0.024574730545282364
0.6051012873649597 0.8593329191207886 -0.01128426380455494
0.5857139825820923 0.8124026656150818 0.010407334193587303
0.6133586168289185 0.807518482208252 0.03176266700029373
0.639130175113678 0.8185401558876038 0.04524169862270355
