0.8238570094108582 0.8386681079864502 -6.774843086532201e-08
0.8447473049163818 0.6825281977653503 -0.012043997645378113
0.7819138169288635 0.5319209098815918 -0.01571478322148323
0.6945223212242126 0.43474382162094116 -0.016638215631246567
0.6504424214363098 0.3443118929862976 -0.015824858099222183
0.6423392295837402 0.5523574948310852 0.007000620011240244
0.6237792372703552 0.5217218399047852 0.012590313330292702
0.6634832620620728 0.5486469864845276 0.010489740408957005
0.6913862228393555 0.5809177160263062 0.007840367034077644
0.6028586626052856 0.6409842371940613 0.012178771197795868
0.5921421647071838 0.6021102070808411 0.032138992100954056
0.6307363510131836 0.6186013221740723 0.035322897136211395
0.6568447351455688 0.6473444700241089 0.03148568049073219
0.5851284265518188 0.7320154309272766 0.016712810844182968
0.5700197219848633 0.6819594502449036 0.03272966295480728
0.6044051051139832 0.6921821236610413 0.041801001876592636
0.6328942775726318 0.7186606526374817 0.04147929698228836
0.578745424747467 0.8158499002456665 0.02025715820491314
0.5652458667755127 0.7699394226074219 0.0327712744474411
0.5963862538337708 0.7719787955284119 0.04733199626207352
0.6181166768074036 0.788017988204956 0.057251397520303726
