0.5387526154518127 0.8133589625358582 -5.325888423612923e-07
0.5420445203781128 0.6762963533401489 -0.032468341290950775
0.5115054845809937 0.5307298898696899 -0.052230726927518845
0.4779866337776184 0.42249351739883423 -0.06689519435167313
0.44982263445854187 0.32547345757484436 -0.07893238961696625
0.42373594641685486 0.5392383337020874 -0.0676252543926239
0.5521266460418701 0.5366734862327576 -0.11035284399986267
0.5637040734291077 0.5789697766304016 -0.1396835297346115
0.5317426919937134 0.5991575121879578 -0.16226981580257416
0.41678327322006226 0.620212197303772 -0.07208395004272461
0.5743461847305298 0.6116982102394104 -0.10430675745010376
0.559651792049408 0.6447736024856567 -0.11551936715841293
0.5197912454605103 0.6620470285415649 -0.13137982785701752
0.43066322803497314 0.7040103673934937 -0.0794861689209938
0.5771654844284058 0.6934784650802612 -0.10739657282829285
0.5611337423324585 0.7201674580574036 -0.10440028458833694
0.5238871574401855 0.7257533669471741 -0.10804552584886551
0.4527987241744995 0.7834621667861938 -0.09116002917289734
0.5660760402679443 0.7739512920379639 -0.11789994686841965
0.5563215613365173 0.7933951616287231 -0.12328711897134781
0.521673321723938 0.8022194504737854 -0.12882062792778015
