0.48438912630081177 0.7901082038879395 -2.71810904450831e-07
0.5170796513557434 0.6970042586326599 -0.05415339022874832
0.5300279259681702 0.5912106037139893 -0.08717437088489532
0.541693389415741 0.5123488306999207 -0.11194153875112534
0.5612303018569946 0.44365194439888 -0.13639935851097107
0.4152155816555023 0.5977869033813477 -0.10968305915594101
0.5687519311904907 0.6979067325592041 -0.1560618281364441
0.571455717086792 0.7028197646141052 -0.18616390228271484
0.5382266044616699 0.6857788562774658 -0.20815998315811157
0.37934044003486633 0.7040430903434753 -0.1033618152141571
0.5612081289291382 0.7992795705795288 -0.13121141493320465
0.5504000782966614 0.7816975712776184 -0.13488997519016266
0.5042008757591248 0.7565531730651855 -0.14737403392791748
0.36761200428009033 0.8036738038063049 -0.09899469465017319
0.5328056216239929 0.8894980549812317 -0.12001226842403412
0.5287064909934998 0.8630797266960144 -0.10445880144834518
0.48599696159362793 0.828715980052948 -0.09994319826364517
0.3692423701286316 0.8974189758300781 -0.1031859889626503
0.4836421608924866 0.9499664902687073 -0.12316694855690002
0.4900079369544983 0.9379246830940247 -0.1173325777053833
0.464339941740036 0.9249897599220276 -0.11402889341115952
