0.4815683960914612 0.8616868257522583 -3.8841125160615775e-07
0.46146178245544434 0.7165734171867371 -0.05380379781126976
0.3847915232181549 0.5734718441963196 -0.07819189131259918
0.32929351925849915 0.45076969265937805 -0.09769365936517715
0.3282065689563751 0.33475640416145325 -0.10681581497192383
0.25938594341278076 0.6298978328704834 -0.023955250158905983
0.23822644352912903 0.6571851372718811 -0.06115337461233139
0.31091099977493286 0.6771755814552307 -0.07425196468830109
0.3292589485645294 0.6613922119140625 -0.07923247665166855
0.22812938690185547 0.7192043662071228 -0.01381746120750904
0.23121047019958496 0.7589192986488342 -0.048898644745349884
0.32096126675605774 0.7687710523605347 -0.04446595162153244
0.3236880898475647 0.7478978037834167 -0.03369893506169319
0.22055760025978088 0.808922529220581 -0.013702877797186375
0.21926625072956085 0.8413816094398499 -0.04852649196982384
0.29564040899276733 0.8410600423812866 -0.026033606380224228
0.29808682203292847 0.8179290890693665 -0.0037041690666228533
0.22199997305870056 0.8915935754776001 -0.01962345279753208
0.21359248459339142 0.9165894389152527 -0.03394705057144165
0.26558709144592285 0.9140613079071045 -0.014389701187610626
0.27326345443725586 0.9053817987442017 0.0057336813770234585
