0.4268229603767395 0.8305532932281494 -1.3930583975252375e-07
0.4345800280570984 0.7221466898918152 -0.035084228962659836
0.43963345885276794 0.6444739103317261 -0.08249356597661972
0.4563993513584137 0.6023347973823547 -0.1216428354382515
0.47876402735710144 0.5749279260635376 -0.16464756429195404
0.36734405159950256 0.6654254794120789 -0.17733091115951538
0.49846312403678894 0.6428316831588745 -0.22319436073303223
0.519911527633667 0.6537297368049622 -0.22771184146404266
0.5055964589118958 0.6635168194770813 -0.22179365158081055
0.3625839650630951 0.7596224546432495 -0.1750325709581375
0.5140137672424316 0.7318744659423828 -0.21296094357967377
0.5300489664077759 0.7471573352813721 -0.20173279941082
0.5033077001571655 0.7505552768707275 -0.19382129609584808
0.37664955854415894 0.8478008508682251 -0.16614586114883423
0.5192963480949402 0.8164067268371582 -0.19458222389221191
0.5266166925430298 0.81845623254776 -0.17484678328037262
0.5004433393478394 0.8205781579017639 -0.1599155217409134
0.4036300778388977 0.923733651638031 -0.1576947569847107
0.5141192674636841 0.9250936508178711 -0.1824447363615036
0.5513966083526611 0.9444852471351624 -0.17247448861598969
0.5635695457458496 0.9563018679618835 -0.16354966163635254
