0.553024172782898 0.8507480621337891 -7.679298619223118e-07
0.5903513431549072 0.6823310852050781 -0.025357944890856743
0.5980874300003052 0.4970463216304779 -0.03823937475681305
0.5866087675094604 0.36086463928222656 -0.050704967230558395
0.5813826322555542 0.24413630366325378 -0.05693645775318146
0.540016233921051 0.4668216407299042 -0.030818069353699684
0.6789158582687378 0.524918794631958 -0.07846587896347046
0.6468124389648438 0.5685046911239624 -0.1091393530368805
0.5942451357841492 0.544432520866394 -0.13219141960144043
0.5226522088050842 0.5466868281364441 -0.04123571887612343
0.680794358253479 0.6010631918907166 -0.08349332213401794
0.6372157335281372 0.6298552751541138 -0.09441281855106354
0.5897214412689209 0.6137163639068604 -0.10643529891967773
0.5174546837806702 0.635638952255249 -0.058043356984853745
0.6607296466827393 0.6749486327171326 -0.09701462835073471
0.6231103539466858 0.7011383771896362 -0.09485884010791779
0.5842061638832092 0.6893846988677979 -0.09413982927799225
0.5244609117507935 0.7201877236366272 -0.07880248129367828
0.6331934332847595 0.7387830018997192 -0.10889109969139099
0.607906699180603 0.7526427507400513 -0.11473969370126724
0.5667443871498108 0.7503225803375244 -0.11836215108633041
