0.1353018581867218 0.7466837167739868 -3.49613884509381e-07
0.21524235606193542 0.651724100112915 -0.034694403409957886
0.28695911169052124 0.5454578995704651 -0.050288569182157516
0.326132595539093 0.4453706741333008 -0.06838849931955338
0.3660193085670471 0.38327962160110474 -0.08208056539297104
0.1669003665447235 0.4453451931476593 0.007302642799913883
0.11770433187484741 0.352885901927948 -0.032704371958971024
0.12956705689430237 0.4202064573764801 -0.061407867819070816
0.1512109488248825 0.4897248148918152 -0.07049445807933807
0.10902101546525955 0.4676436483860016 0.009343760088086128
0.06396608054637909 0.4000679850578308 -0.03735782206058502
0.09402956813573837 0.48385825753211975 -0.0634821355342865
0.12155594676733017 0.5501236319541931 -0.06769517809152603
0.06353633105754852 0.4920167326927185 0.0029014574829488993
0.026550397276878357 0.440807580947876 -0.041326772421598434
0.06584525108337402 0.5116952061653137 -0.050307754427194595
0.10358087718486786 0.5722346305847168 -0.040683142840862274
0.023258164525032043 0.5186592936515808 -0.007034678012132645
-0.0024797022342681885 0.45330315828323364 -0.02753419056534767
0.017864927649497986 0.46710115671157837 -0.025161346420645714
0.04067090153694153 0.48364782333374023 -0.014552457258105278
