0.859786868095398 0.6035849452018738 -3.1455195426133287e-07
0.8294195532798767 0.47650107741355896 0.03227095305919647
0.7713626027107239 0.3657193183898926 0.04088139906525612
0.7246280908584595 0.26691150665283203 0.04139213263988495
0.7281312942504883 0.18025609850883484 0.040748707950115204
0.6753204464912415 0.36292609572410583 0.04411255568265915
0.5969571471214294 0.38274407386779785 0.0628986582159996
0.5997294783592224 0.42569249868392944 0.0731368437409401
0.6188818216323853 0.4421779215335846 0.07855460047721863
0.6561154127120972 0.42742854356765747 0.028282055631279945
0.577610194683075 0.45984089374542236 0.053515881299972534
0.5784045457839966 0.497322678565979 0.06374271214008331
0.5945038795471191 0.5066038966178894 0.06741940975189209
0.647412121295929 0.5067464113235474 0.01517659891396761
0.5694343447685242 0.5286571979522705 0.03914077207446098
0.5652877688407898 0.5533804893493652 0.05388422682881355
0.5774773955345154 0.5573982000350952 0.058575473725795746
0.6483305096626282 0.587178111076355 0.004415764007717371
0.5734865665435791 0.5910030007362366 0.02650454267859459
0.5652794241905212 0.5985170006752014 0.04725222289562225
0.5716012716293335 0.5939866900444031 0.06126997992396355
