0.47577762603759766 0.7284513711929321 -4.483873397020943e-07
0.5136734247207642 0.6131560802459717 -0.04865313693881035
0.5141441822052002 0.47578296065330505 -0.07601027935743332
0.5096798539161682 0.3617669641971588 -0.09622722864151001
0.5016757249832153 0.25571155548095703 -0.11266358941793442
0.4195718765258789 0.4984171986579895 -0.08901530504226685
0.5331098437309265 0.5661049485206604 -0.13660885393619537
0.5282518863677979 0.6028710603713989 -0.1636487990617752
0.48769164085388184 0.5876969695091248 -0.18320728838443756
0.3839844763278961 0.5961678624153137 -0.08563131093978882
0.5384973287582397 0.6631438732147217 -0.1191697046160698
0.5178167223930359 0.669503927230835 -0.12162715941667557
0.46736761927604675 0.647477924823761 -0.12943734228610992
0.3693612515926361 0.6925438642501831 -0.08604917675256729
0.5159488320350647 0.7442817091941833 -0.11511843651533127
0.49731990694999695 0.7473170757293701 -0.09637058526277542
0.44833579659461975 0.7263095378875732 -0.08643123507499695
0.3645937144756317 0.7797932624816895 -0.09374804049730301
0.4781118333339691 0.8093500137329102 -0.12395787239074707
0.46899503469467163 0.8114302158355713 -0.12280752509832382
0.43126189708709717 0.8076767921447754 -0.11934208124876022
