0.14055702090263367 0.9324044585227966 -7.672026214322614e-08
0.1207546815276146 0.7396338582038879 -0.028930211439728737
0.09955616295337677 0.5726362466812134 -0.06475046277046204
0.07614585012197495 0.4438590407371521 -0.09909658879041672
0.02699429541826248 0.33052775263786316 -0.131336972117424
0.0221639946103096 0.6298869848251343 -0.09009521454572678
0.1735730767250061 0.5633596181869507 -0.13717494904994965
0.20723068714141846 0.5534940958023071 -0.15957564115524292
0.21705219149589539 0.5443471670150757 -0.1742585301399231
0.038311902433633804 0.7251713871955872 -0.10165707767009735
0.24557209014892578 0.6525135636329651 -0.13367362320423126
0.2299177050590515 0.6786215305328369 -0.128959521651268
0.19001968204975128 0.6874199509620667 -0.13494054973125458
0.0719125047326088 0.8160290718078613 -0.11565990746021271
0.2674401104450226 0.7452414631843567 -0.13786061108112335
0.2346002459526062 0.7758483290672302 -0.11607006937265396
0.1913193166255951 0.7814491987228394 -0.11000853031873703
0.11404281109571457 0.8923851251602173 -0.13510146737098694
0.2668798565864563 0.8333643078804016 -0.15326999127864838
0.24440258741378784 0.8482546806335449 -0.14704512059688568
0.2052040994167328 0.8667432069778442 -0.14606337249279022
