0.7877546548843384 0.7137901782989502 -1.1254294349782867e-06
0.7330977916717529 0.5718647837638855 -0.056778475642204285
0.7436296939849854 0.3917556405067444 -0.07180490344762802
0.7765017747879028 0.2707293629646301 -0.07914762198925018
0.7897012233734131 0.16780123114585876 -0.07643985003232956
0.8929594159126282 0.3421452045440674 -0.0328369103372097
0.777136504650116 0.39581072330474854 -0.0858144611120224
0.7414431571960449 0.47304075956344604 -0.11531273275613785
0.7560417056083679 0.49643364548683167 -0.12943299114704132
0.9458314776420593 0.41497528553009033 -0.025420453399419785
0.8052335977554321 0.4965195953845978 -0.0707240179181099
0.7697075605392456 0.5471811294555664 -0.08096141368150711
0.7852386832237244 0.5447873473167419 -0.0819382444024086
0.9721905589103699 0.5094963908195496 -0.028850557282567024
0.8398628830909729 0.5831701159477234 -0.07579606026411057
0.8088243007659912 0.6181633472442627 -0.06755146384239197
0.8267503380775452 0.6091764569282532 -0.053573042154312134
0.9849379062652588 0.6069884300231934 -0.039027053862810135
0.8873193264007568 0.6595190763473511 -0.07080505788326263
0.8602556586265564 0.6766024231910706 -0.06842987984418869
0.8758226633071899 0.6669566631317139 -0.058210957795381546
