0.5307724475860596 0.8805285692214966 -4.6946161091909744e-07
0.5011498928070068 0.7360805869102478 -0.04364887997508049
0.4251660108566284 0.5947078466415405 -0.059353265911340714
0.36419928073883057 0.4885719120502472 -0.07340211421251297
0.3197571933269501 0.411421537399292 -0.07941412925720215
0.31917718052864075 0.6463031768798828 -0.009902420453727245
0.2590983510017395 0.6604087352752686 -0.05865750461816788
0.3170225918292999 0.6864165663719177 -0.0825912207365036
0.36260300874710083 0.676906168460846 -0.08905810117721558
0.2921367883682251 0.7316457033157349 -0.0024431701749563217
0.24669943749904633 0.7671340107917786 -0.05336343124508858
0.3274243474006653 0.7914706468582153 -0.06078414246439934
0.3663598597049713 0.7728334665298462 -0.05196389928460121
0.28022944927215576 0.8180071711540222 -0.00590159697458148
0.2376670390367508 0.8539316058158875 -0.05220954120159149
0.30728787183761597 0.8673294186592102 -0.03959263116121292
0.3396088182926178 0.8470839262008667 -0.01767335645854473
0.2780970335006714 0.8986244201660156 -0.014004924334585667
0.24051085114479065 0.9330987334251404 -0.03692653402686119
0.2828940153121948 0.9428585767745972 -0.025604818016290665
0.30414408445358276 0.9314130544662476 -0.007785147987306118
