0.11052747815847397 0.8019697070121765 4.076131787655868e-08
0.18242773413658142 0.7787635326385498 -0.027088552713394165
0.2490069419145584 0.7176918387413025 -0.03554913401603699
0.2957612872123718 0.6579057574272156 -0.04101451858878136
0.3395096957683563 0.6268271207809448 -0.046927984803915024
0.19850490987300873 0.6474955081939697 -0.004344168119132519
0.19569094479084015 0.6201562881469727 -0.016887051984667778
0.19110313057899475 0.6448721289634705 -0.029663030058145523
0.19658999145030975 0.666153609752655 -0.03828869014978409
0.14908605813980103 0.6420337557792664 0.002839346183463931
0.13616864383220673 0.6253005862236023 -0.007939975708723068
0.13209478557109833 0.6680305004119873 -0.018960323184728622
0.1343444436788559 0.6980632543563843 -0.027476275339722633
0.10334596782922745 0.6468710899353027 0.005793972872197628
0.09525841474533081 0.6246173977851868 -0.00776100205257535
0.09106720238924026 0.6672501564025879 -0.01070441585034132
0.0918448343873024 0.7004045844078064 -0.01259112823754549
0.06327793002128601 0.6576916575431824 0.006822378374636173
0.054401010274887085 0.6386973261833191 -0.002746128011494875
0.05428209900856018 0.673953652381897 -0.00041486721602268517
0.05865272879600525 0.7011010646820068 0.0022314125671982765
