0.7187834978103638 0.3868366479873657 -8.497598003032181e-08
0.7152085304260254 0.3532310128211975 0.005709522869437933
0.7273179292678833 0.313458651304245 0.003964575938880444
0.74957674741745 0.2917049825191498 -0.002051711082458496
0.7706404328346252 0.2783922255039215 -0.006111292168498039
0.7079053521156311 0.26672667264938354 0.011141405440866947
0.752336859703064 0.2428586781024933 -2.402452810201794e-05
0.7743178606033325 0.2661328613758087 -0.008164488710463047
0.7790419459342957 0.2941531538963318 -0.01148269884288311
0.7231451272964478 0.26298344135284424 0.0024291714653372765
0.7665236592292786 0.23813386261463165 -0.005539135541766882
0.7883590459823608 0.2639229893684387 -0.010019931942224503
0.7935580015182495 0.29163235425949097 -0.01167334709316492
0.7438043355941772 0.26599666476249695 -0.007659568451344967
0.7843170762062073 0.24345460534095764 -0.016246339306235313
0.8038575053215027 0.2731865644454956 -0.017149854451417923
0.8077178001403809 0.3038552701473236 -0.015731729567050934
0.7691054940223694 0.2753872275352478 -0.017812222242355347
0.799872100353241 0.2679334878921509 -0.023533428087830544
0.8118419051170349 0.29452675580978394 -0.022468416020274162
0.8138618469238281 0.3223760724067688 -0.019930411130189896
