0.836207926273346 0.8580061197280884 -3.0630371838924475e-07
0.8282723426818848 0.6988352537155151 -0.0047759441658854485
0.786188006401062 0.5485499501228333 -0.018395069986581802
0.7695592641830444 0.4289749264717102 -0.03455992415547371
0.7898388504981995 0.33933356404304504 -0.05110054463148117
0.6060738563537598 0.5625063180923462 -0.0057600405998528
0.6370752453804016 0.5681585073471069 -0.018860341981053352
0.682438850402832 0.6063101887702942 -0.043252527713775635
0.7040887475013733 0.6380850076675415 -0.06237399950623512
0.5696042776107788 0.6531670093536377 -0.01372582744807005
0.6072084903717041 0.6535165309906006 -0.008652054704725742
0.6498554944992065 0.6792618036270142 -0.01839664950966835
0.673499584197998 0.7073163986206055 -0.03221835941076279
0.5572900176048279 0.7446824312210083 -0.020948641002178192
0.592902421951294 0.739069402217865 -0.01154457125812769
0.6318306922912598 0.7542683482170105 -0.009055083617568016
0.6583116054534912 0.776687741279602 -0.013483955524861813
0.5579506754875183 0.8289591670036316 -0.03061346337199211
0.5817888975143433 0.8198913335800171 -0.018040897324681282
0.6186788082122803 0.825925350189209 -0.003843816230073571
0.6413071155548096 0.840417742729187 0.005686341784894466
