0.478549063205719 0.8427848219871521 -5.554239237426373e-07
0.5033113360404968 0.6966837048530579 -0.009311468340456486
0.5588549971580505 0.5511642694473267 -0.026989078149199486
0.5949171185493469 0.4373404085636139 -0.04556464031338692
0.5911610126495361 0.33999183773994446 -0.05957961827516556
0.6549850702285767 0.549605131149292 -0.02253245934844017
0.750628650188446 0.6156201362609863 -0.04301201552152634
0.7191806435585022 0.6487512588500977 -0.05695463344454765
0.6759220361709595 0.6434162259101868 -0.06623108685016632
0.6739680171012878 0.63676518201828 -0.033442407846450806
0.7605739235877991 0.6877109408378601 -0.03922096639871597
0.7257014513015747 0.7152993679046631 -0.037800900638103485
0.6809158325195312 0.7107038497924805 -0.0416814424097538
0.6853193640708923 0.7330449223518372 -0.045305389910936356
0.7682799696922302 0.7651740312576294 -0.04905889183282852
0.7338972687721252 0.7865031957626343 -0.03177842125296593
0.6897127628326416 0.7820026278495789 -0.024502184242010117
0.6906907558441162 0.8268722295761108 -0.05829142406582832
0.762770414352417 0.8368740677833557 -0.05636686831712723
0.7289875745773315 0.8534910082817078 -0.035865869373083115
0.6905515193939209 0.849281370639801 -0.022497011348605156
