0.8513246774673462 0.6452734470367432 8.313437405149671e-08
0.8288202285766602 0.5202153325080872 -0.06474211812019348
0.8092422485351562 0.4006524384021759 -0.11855242401361465
0.8095777034759521 0.2978309392929077 -0.15866106748580933
0.8266176581382751 0.185916930437088 -0.19795186817646027
0.8302271366119385 0.4687456786632538 -0.1590319275856018
0.7316265106201172 0.4977588951587677 -0.22086580097675323
0.7614291310310364 0.4923645555973053 -0.255012184381485
0.8002325296401978 0.4687958061695099 -0.27773517370224
0.847985565662384 0.5802508592605591 -0.15423651039600372
0.7247342467308044 0.5917550325393677 -0.20789115130901337
0.7683215737342834 0.5747855305671692 -0.2174757719039917
0.8133733868598938 0.562161386013031 -0.2314799427986145
0.8565521240234375 0.6717541217803955 -0.1499897539615631
0.7385836243629456 0.6699926257133484 -0.19621403515338898
0.7843277454376221 0.654924750328064 -0.1810128390789032
0.8352624177932739 0.6491777896881104 -0.17383188009262085
0.8566185235977173 0.7447256445884705 -0.1508455127477646
0.7650147080421448 0.7383990287780762 -0.19206461310386658
0.797001302242279 0.7206053733825684 -0.18913929164409637
0.8455550074577332 0.710649311542511 -0.186933696269989
