0.4107159674167633 0.9470921754837036 -4.080729070210509e-07
0.404633104801178 0.7967933416366577 -0.04808450862765312
0.30815389752388 0.6322453022003174 -0.06322278827428818
0.2477021962404251 0.5102282762527466 -0.07404036074876785
0.2582540810108185 0.4026501178741455 -0.07368123531341553
0.2156279981136322 0.7425596117973328 -0.014966145157814026
0.1680731177330017 0.7394636869430542 -0.05327595770359039
0.25045061111450195 0.7613407373428345 -0.06568662822246552
0.2603519558906555 0.7571986317634583 -0.07084262371063232
0.19553397595882416 0.8333190083503723 -0.005759833380579948
0.1676451712846756 0.8261955380439758 -0.04593336582183838
0.26821744441986084 0.8320444226264954 -0.04219358041882515
0.2659590244293213 0.8247474431991577 -0.030577275902032852
0.18714594841003418 0.9167993664741516 -0.007090538274496794
0.1614506095647812 0.9098488092422485 -0.04411904886364937
0.2538471519947052 0.9095191955566406 -0.017447305843234062
0.2579231262207031 0.900955319404602 0.008275285363197327
0.1798183023929596 0.9950507879257202 -0.013818060979247093
0.16572019457817078 0.987361490726471 -0.02565254271030426
0.2325218766927719 0.9871807098388672 -0.003354026470333338
0.24323052167892456 0.982345461845398 0.016704488545656204
