0.515311062335968 0.8598160743713379 -6.01505405484204e-07
0.5334362387657166 0.707976758480072 -0.0063544027507305145
0.577487587928772 0.5533707141876221 -0.020968010649085045
0.6006158590316772 0.43436217308044434 -0.03602822870016098
0.5870481729507446 0.3455932140350342 -0.047474391758441925
0.6666311621665955 0.5647012591362 -0.02397993579506874
0.745579719543457 0.5872318744659424 -0.03932531923055649
0.7169045209884644 0.6228256821632385 -0.04926585406064987
0.6778192520141602 0.6295342445373535 -0.055851735174655914
0.6945971846580505 0.651837944984436 -0.0329749621450901
0.7689319849014282 0.6604213714599609 -0.035333551466464996
0.7415990829467773 0.6907588243484497 -0.033889755606651306
0.700562596321106 0.7033267021179199 -0.03752617910504341
0.7179813385009766 0.7451178431510925 -0.04126885160803795
0.7858625650405884 0.7409898042678833 -0.040242526680231094
0.7593192458152771 0.7643184661865234 -0.024940000846982002
0.718158483505249 0.7762757539749146 -0.019385291263461113
0.7336734533309937 0.8351380825042725 -0.05006943643093109
0.7921702861785889 0.8119390606880188 -0.0442044734954834
0.7645250558853149 0.8319318294525146 -0.023515570908784866
0.7311279773712158 0.845173180103302 -0.010167344473302364
