0.48316290974617004 0.8500692844390869 -5.815103918394016e-07
0.5100376605987549 0.6980234384536743 -0.005420221947133541
0.5557311773300171 0.5556390285491943 -0.022539597004652023
0.5884847640991211 0.4404541552066803 -0.04138956964015961
0.585773229598999 0.34432607889175415 -0.055583707988262177
0.6572939157485962 0.5633898973464966 -0.014502760954201221
0.7400412559509277 0.6173505187034607 -0.03096788004040718
0.706911563873291 0.6495606899261475 -0.043458420783281326
0.6621298789978027 0.6488086581230164 -0.051882896572351456
0.6796695590019226 0.6481111645698547 -0.02532726153731346
0.7549796104431152 0.6855700612068176 -0.02671237476170063
0.7216952443122864 0.7136998176574707 -0.025514816865324974
0.6764529347419739 0.7164219617843628 -0.03015526384115219
0.6935100555419922 0.740594744682312 -0.03658657148480415
0.7660696506500244 0.7637295722961426 -0.03565699979662895
0.7331720590591431 0.7850140333175659 -0.018875451758503914
0.6876581907272339 0.7870529294013977 -0.012799709104001522
0.7001093029975891 0.8311405181884766 -0.048745252192020416
0.7633010149002075 0.8348058462142944 -0.04387735202908516
0.7296136021614075 0.8508905172348022 -0.02300279214978218
0.6909888982772827 0.8507125973701477 -0.009552562609314919
