0.7964509725570679 0.6685333847999573 -1.9378315130325063e-07
0.7798475623130798 0.5278297662734985 0.0064710406586527824
0.727902889251709 0.40084415674209595 0.002323408145457506
0.6807968616485596 0.2963851988315582 -0.004028840456157923
0.6832810044288635 0.19969892501831055 -0.011622259393334389
0.6131104230880737 0.4096526801586151 0.010072045959532261
0.5759944915771484 0.43092501163482666 0.0206088088452816
0.6069076061248779 0.4656854271888733 0.020812511444091797
0.6383312940597534 0.48023664951324463 0.018471937626600266
0.581972062587738 0.4868171811103821 0.005050711799412966
0.5509921312332153 0.5066568851470947 0.024118127301335335
0.58283531665802 0.5342641472816467 0.025236647576093674
0.617466390132904 0.5451974272727966 0.02098427712917328
0.5681179761886597 0.5729769468307495 0.0028443755581974983
0.5329445600509644 0.5774292349815369 0.021483642980456352
0.5613763332366943 0.5944899320602417 0.028819836676120758
0.5971178412437439 0.6015259623527527 0.028200019150972366
0.5652914643287659 0.654758632183075 0.0010490763233974576
0.5229282975196838 0.6546720266342163 0.01756935566663742
0.5430258512496948 0.6569350361824036 0.034166429191827774
0.5698636770248413 0.6547159552574158 0.0458916611969471
