0.8798137307167053 0.8175725340843201 -1.4474888132554042e-07
0.8368427753448486 0.6655429005622864 -0.008182910270988941
0.7763375043869019 0.5226681232452393 -0.04676968231797218
0.7715116739273071 0.4002937078475952 -0.08511403203010559
0.8063308596611023 0.2893039286136627 -0.12557223439216614
0.7438417077064514 0.6095924377441406 -0.12331868708133698
0.5781249403953552 0.6100327372550964 -0.16366097331047058
0.6242860555648804 0.6130872368812561 -0.17311908304691315
0.6785275340080261 0.6165521740913391 -0.17474114894866943
0.7479718327522278 0.7259775400161743 -0.13925419747829437
0.5735199451446533 0.70014888048172 -0.17163550853729248
0.6241891980171204 0.6905462145805359 -0.1611151397228241
0.6848665475845337 0.6985093951225281 -0.15643759071826935
0.7472301125526428 0.824128270149231 -0.1495160162448883
0.5831862688064575 0.7871596813201904 -0.16999992728233337
0.6318193674087524 0.7741162776947021 -0.13944971561431885
0.6921892166137695 0.7813485860824585 -0.12009141594171524
0.7433256506919861 0.9076454043388367 -0.15945053100585938
0.6121335625648499 0.867350697517395 -0.17069324851036072
0.6496040225028992 0.8545405268669128 -0.14419738948345184
0.7032838463783264 0.8652341365814209 -0.12600940465927124
