0.4738556146621704 0.7144691944122314 -4.695637585427903e-07
0.5174475312232971 0.5882015228271484 -0.03527195751667023
0.5454592704772949 0.4482715129852295 -0.058287736028432846
0.5562687516212463 0.3405935764312744 -0.07613828778266907
0.5494875311851501 0.24747157096862793 -0.09086687117815018
0.5124195218086243 0.4960757791996002 -0.08349806070327759
0.5638061165809631 0.49959468841552734 -0.13840807974338531
0.5260599255561829 0.4888037443161011 -0.16980771720409393
0.4902414083480835 0.4535653293132782 -0.1899072229862213
0.47721585631370544 0.574360728263855 -0.09035234153270721
0.5578163862228394 0.6007729172706604 -0.14527864754199982
0.5109685659408569 0.5687116384506226 -0.15658891201019287
0.4681037664413452 0.5291560888290405 -0.16534268856048584
0.4479907155036926 0.6482764482498169 -0.10072516649961472
0.5108901858329773 0.6476311087608337 -0.15256015956401825
0.4776034653186798 0.6079823970794678 -0.14746582508087158
0.4529985785484314 0.5726505517959595 -0.14003986120224
0.42503559589385986 0.7140513062477112 -0.11297056823968887
0.45014822483062744 0.6782130599021912 -0.151259645819664
0.43845999240875244 0.6378421783447266 -0.1499437540769577
0.43136245012283325 0.6094900369644165 -0.14604656398296356
