0.8135355710983276 0.7753815650939941 -6.676197585875343e-07
0.7377970218658447 0.6029418110847473 -0.011894176714122295
0.713654100894928 0.4415203630924225 -0.029270920902490616
0.7231167554855347 0.3169749677181244 -0.04746544361114502
0.7539736032485962 0.2234547734260559 -0.06244257837533951
0.7961351871490479 0.40988489985466003 -0.035750582814216614
0.6385539174079895 0.4288201630115509 -0.06994964182376862
0.6592123508453369 0.48543888330459595 -0.08620187640190125
0.7062718272209167 0.4883701205253601 -0.09543001651763916
0.8117958307266235 0.49291864037513733 -0.04998736083507538
0.6394498944282532 0.5167307257652283 -0.0788949504494667
0.673886775970459 0.5482561588287354 -0.08061590790748596
0.7182998657226562 0.549790620803833 -0.08487357199192047
0.8129163980484009 0.578135073184967 -0.0667337030172348
0.6545107364654541 0.5979894995689392 -0.09302417933940887
0.6866295337677002 0.6261032819747925 -0.07861229032278061
0.7327548265457153 0.6250721216201782 -0.07036170363426208
0.8030534982681274 0.6650770902633667 -0.08532405644655228
0.6814581155776978 0.6759660243988037 -0.10166846215724945
0.7089545130729675 0.6956297159194946 -0.09259402006864548
0.7538459300994873 0.6981508731842041 -0.08489800244569778
