0.793180525302887 0.7838481664657593 -4.227036356496683e-07
0.7461560964584351 0.6523693203926086 -0.01494239829480648
0.7072439193725586 0.49491140246391296 -0.0466940738260746
0.7137050628662109 0.3799801468849182 -0.0757988765835762
0.7495302557945251 0.28692635893821716 -0.10686370730400085
0.7416794300079346 0.5583574175834656 -0.11266062408685684
0.5740143060684204 0.5474944710731506 -0.15970326960086823
0.6070674061775208 0.5723705887794495 -0.17674210667610168
0.6575294137001038 0.5731874704360962 -0.18425603210926056
0.7451145648956299 0.6565306186676025 -0.12737572193145752
0.5623043179512024 0.635428786277771 -0.16523359715938568
0.6018854975700378 0.6432939767837524 -0.15810124576091766
0.6553526520729065 0.6552610397338867 -0.1575506031513214
0.7388911247253418 0.7483415603637695 -0.139772430062294
0.5705369710922241 0.7140235304832458 -0.1733018159866333
0.6074438691139221 0.7203173041343689 -0.1494118720293045
0.6592838168144226 0.7310004234313965 -0.13415582478046417
0.7229773998260498 0.8294163942337036 -0.15202224254608154
0.5909626483917236 0.7937764525413513 -0.17877699434757233
0.6219043731689453 0.7919393181800842 -0.16473695635795593
0.6708561778068542 0.8009881973266602 -0.15416941046714783
