0.44749754667282104 0.8214993476867676 -3.7878365333199326e-07
0.48953771591186523 0.6835143566131592 -0.04489642381668091
0.560474693775177 0.5232551693916321 -0.0743422880768776
0.5997232794761658 0.3985805809497833 -0.09748917073011398
0.6069908142089844 0.2869279384613037 -0.11292102932929993
0.5501997470855713 0.5464816093444824 -0.08646688610315323
0.6947305202484131 0.6280661821365356 -0.13861121237277985
0.6545157432556152 0.648697555065155 -0.15979459881782532
0.5997095704078674 0.6260566115379333 -0.1689438372850418
0.5190495252609253 0.6353290677070618 -0.08425658196210861
0.6789573431015015 0.7228683233261108 -0.12430054694414139
0.6340137124061584 0.7301774024963379 -0.12265436351299286
0.5819483995437622 0.7099442481994629 -0.12342692911624908
0.503747284412384 0.730276346206665 -0.08605700731277466
0.6547969579696655 0.8025332689285278 -0.1161491870880127
0.6135236620903015 0.8046687841415405 -0.09668722003698349
0.5648499131202698 0.7864184975624084 -0.08456931263208389
0.49937212467193604 0.8186296820640564 -0.09171279519796371
0.6206399202346802 0.868466317653656 -0.10461048036813736
0.5873535871505737 0.8638939261436462 -0.09027983248233795
0.5421475172042847 0.8438898324966431 -0.08226125687360764
