0.5511483550071716 0.870198667049408 -1.9058508371472271e-07
0.5649767518043518 0.724152684211731 0.0034573052544146776
0.5193367600440979 0.592971920967102 0.002488974016159773
0.47162726521492004 0.5032951235771179 0.001008191262371838
0.4388432800769806 0.46790409088134766 -0.0013258992694318295
0.39121919870376587 0.5933456420898438 -0.01196435559540987
0.3351203203201294 0.5509805083274841 -0.018006373196840286
0.3548302948474884 0.5674000382423401 -0.025278205052018166
0.3794195055961609 0.5919971466064453 -0.029772859066724777
0.3497213125228882 0.6640033721923828 -0.016575785353779793
0.3009946346282959 0.6281474828720093 -0.010389089584350586
0.3229440748691559 0.6350317597389221 -0.012391295284032822
0.3494238555431366 0.6546310186386108 -0.019161248579621315
0.3242877721786499 0.7451430559158325 -0.01925927773118019
0.28118056058883667 0.7094255685806274 -0.0077682724222540855
0.30113714933395386 0.7099862694740295 -0.002063917927443981
0.32861700654029846 0.7273916602134705 -0.005509798880666494
0.314380019903183 0.8264954686164856 -0.021617069840431213
0.2764694094657898 0.8066650629043579 -0.01112303975969553
0.290785551071167 0.802178680896759 -0.00022807507775723934
0.3116301894187927 0.808035135269165 0.005647360812872648
