0.8709038496017456 0.8711121082305908 -3.973823936576082e-08
0.8626099228858948 0.70357745885849 -0.003333678236231208
0.8256838321685791 0.5547505617141724 -0.018250957131385803
0.802039623260498 0.4195863604545593 -0.03431500121951103
0.8246028423309326 0.3205682933330536 -0.04783090204000473
0.6695950031280518 0.5557215809822083 -0.0029451448936015368
0.6350952982902527 0.5132591724395752 -0.004939722828567028
0.6834086179733276 0.545172929763794 -0.016590286046266556
0.7149300575256348 0.5786733031272888 -0.026014655828475952
0.6285370588302612 0.6434575319290161 -0.006904746871441603
0.6076799631118774 0.5883617401123047 0.006668906193226576
0.6486798524856567 0.6073076128959656 0.006793716456741095
0.6772733330726624 0.6413529515266418 0.0006050170050002635
0.6073267459869385 0.7332678437232971 -0.00939666386693716
0.5875949859619141 0.6662141680717468 0.00812781136482954
0.6217719316482544 0.6787430047988892 0.0190264992415905
0.6521710753440857 0.7126472592353821 0.020040541887283325
0.5971149802207947 0.8108726739883423 -0.012990891002118587
0.5721191763877869 0.7418135404586792 0.006340883206576109
0.6025436520576477 0.7521052956581116 0.028738578781485558
0.6277157068252563 0.7809850573539734 0.0438862219452858
