0.485302209854126 0.8338590860366821 -8.407130280829733e-07
0.5375583171844482 0.661044716835022 -0.02853698655962944
0.5872721076011658 0.475914865732193 -0.043558888137340546
0.6158137917518616 0.33042222261428833 -0.05857875198125839
0.6261221170425415 0.21221846342086792 -0.06709378212690353
0.5553589463233948 0.4951554238796234 -0.0412960909307003
0.6904543042182922 0.5391073226928711 -0.09309899061918259
0.6510655879974365 0.5785795450210571 -0.12660819292068481
0.5948566198348999 0.5642032027244568 -0.15014216303825378
0.5325890183448792 0.5870049595832825 -0.052880674600601196
0.7084646224975586 0.6412084102630615 -0.09653366357088089
0.651962161064148 0.6626881957054138 -0.10435793548822403
0.59337317943573 0.6504334211349487 -0.11573824286460876
0.5182065367698669 0.6745285987854004 -0.0715521052479744
0.6880701780319214 0.7216448187828064 -0.10848578065633774
0.633171021938324 0.7337054014205933 -0.10009387880563736
0.5809707641601562 0.7212748527526855 -0.09735294431447983
0.5134769082069397 0.7575806975364685 -0.09483201801776886
0.6526459455490112 0.7903763055801392 -0.11823010444641113
0.6100106835365295 0.8002212047576904 -0.11592017859220505
0.555030882358551 0.7940427660942078 -0.11697885394096375
