0.8332732915878296 0.824948251247406 -7.615914228153997e-07
0.7839317321777344 0.6661130785942078 -0.013245667330920696
0.7488549947738647 0.4933856129646301 -0.03643058240413666
0.7399108409881592 0.3591022491455078 -0.05957675725221634
0.7564114928245544 0.2521674335002899 -0.08347246050834656
0.7876504063606262 0.48993387818336487 -0.05959639698266983
0.6299869418144226 0.4791830778121948 -0.10455094277858734
0.6198907494544983 0.5376911759376526 -0.12803588807582855
0.645957887172699 0.5718172788619995 -0.13943976163864136
0.7950661778450012 0.5632415413856506 -0.07131095230579376
0.6213401556015015 0.5743023157119751 -0.10924509167671204
0.6334034204483032 0.607441782951355 -0.11180729418992996
0.6731051206588745 0.6218782663345337 -0.1161804124712944
0.7885465621948242 0.6433448195457458 -0.08486588299274445
0.6297715902328491 0.6479204893112183 -0.11986786127090454
0.6446925401687622 0.6788554787635803 -0.10522537678480148
0.6851104497909546 0.689420759677887 -0.0951722040772438
0.7721219062805176 0.720880389213562 -0.09882011264562607
0.6493672728538513 0.7208970189094543 -0.1232757419347763
0.6644189357757568 0.7439315915107727 -0.11454761773347855
0.7000078558921814 0.7505059242248535 -0.10652525722980499
