0.4647195637226105 0.767618715763092 -3.379913664502965e-07
0.5033612847328186 0.6666792631149292 -0.058041516691446304
0.5131562352180481 0.5345368385314941 -0.08778118342161179
0.5162604451179504 0.42222723364830017 -0.10771530121564865
0.5233474969863892 0.3190992772579193 -0.12491843104362488
0.413757860660553 0.5578157305717468 -0.10063398629426956
0.5534253716468811 0.6372847557067871 -0.1465834528207779
0.5409963130950928 0.6510212421417236 -0.1773764044046402
0.5019990801811218 0.6291777491569519 -0.20187978446483612
0.37209320068359375 0.6555620431900024 -0.09155012667179108
0.546679675579071 0.7454565167427063 -0.11951389163732529
0.5173708200454712 0.7289496064186096 -0.12373686581850052
0.4640918970108032 0.6945459246635437 -0.13731400668621063
0.3580384850502014 0.7559165954589844 -0.08604981005191803
0.517031729221344 0.8272446393966675 -0.11088280379772186
0.49512308835983276 0.8117093443870544 -0.09442776441574097
0.4457045793533325 0.7770336866378784 -0.0889921560883522
0.3556143641471863 0.8500059843063354 -0.08896277844905853
0.4770250916481018 0.8928545713424683 -0.1159231886267662
0.470264196395874 0.8787393569946289 -0.11438345164060593
0.4368991553783417 0.8608472347259521 -0.11312345415353775
