0.21129627525806427 0.8285365104675293 -4.448565675829741e-07
0.20909856259822845 0.6911668181419373 -0.046233050525188446
0.1767747700214386 0.5472424030303955 -0.07669318467378616
0.14267292618751526 0.42626598477363586 -0.10261069983243942
0.09707029163837433 0.32520946860313416 -0.1263190507888794
0.05599872022867203 0.6016281843185425 -0.07706719636917114
0.2435673028230667 0.590179443359375 -0.1294170767068863
0.26712995767593384 0.6148941516876221 -0.16500478982925415
0.2412368506193161 0.6151390671730042 -0.19071458280086517
0.05885156989097595 0.7176184058189392 -0.08020496368408203
0.2758740782737732 0.6903401613235474 -0.11623682826757431
0.2740619480609894 0.7120141983032227 -0.12507647275924683
0.22874367237091064 0.7159577012062073 -0.13901180028915405
0.08138354867696762 0.8256493806838989 -0.08863106369972229
0.283403605222702 0.7887307405471802 -0.11928892135620117
0.2773316204547882 0.8042722940444946 -0.10366275906562805
0.2270989716053009 0.8048544526100159 -0.09791162610054016
0.11335678398609161 0.9225096702575684 -0.10510684549808502
0.26982367038726807 0.8838441371917725 -0.13317973911762238
0.2735825181007385 0.8899011015892029 -0.13075222074985504
0.2364189326763153 0.9002069234848022 -0.12815873324871063
