0.8333388566970825 0.7550630569458008 -5.012762471778842e-07
0.7740525603294373 0.6088545322418213 -0.0010241800919175148
0.7041074633598328 0.44994211196899414 -0.024453354999423027
0.6754542589187622 0.323647677898407 -0.048639703541994095
0.6925672888755798 0.2126021683216095 -0.0787239596247673
0.7476034760475159 0.48443368077278137 -0.07433068752288818
0.642012357711792 0.4763210415840149 -0.11310168355703354
0.5894098877906799 0.49275970458984375 -0.13548366725444794
0.5497105121612549 0.5056776404380798 -0.14963982999324799
0.7504482269287109 0.5754014849662781 -0.09457579255104065
0.6185282468795776 0.5801108479499817 -0.12479060143232346
0.5724421143531799 0.5816914439201355 -0.13015857338905334
0.5535672903060913 0.5852700471878052 -0.13886673748493195
0.7424827814102173 0.6710186004638672 -0.11240793764591217
0.6143524050712585 0.6597049236297607 -0.13777153193950653
0.5692830681800842 0.650332510471344 -0.12642443180084229
0.5496932864189148 0.6364207863807678 -0.12086372822523117
0.7258205413818359 0.7587262988090515 -0.12919259071350098
0.6130666732788086 0.744706928730011 -0.1475251019001007
0.5788631439208984 0.7260362505912781 -0.13759809732437134
0.5646645426750183 0.703917920589447 -0.1304604858160019
