0.45710188150405884 0.8555253744125366 -4.2232875330228126e-07
0.46660128235816956 0.713525652885437 -0.029131831601262093
0.48486706614494324 0.5601916909217834 -0.05322888121008873
0.477353572845459 0.4464353621006012 -0.07342423498630524
0.4518873393535614 0.35627180337905884 -0.0882941484451294
0.47522759437561035 0.5919963717460632 -0.08003070950508118
0.6316543817520142 0.5884677767753601 -0.1244591772556305
0.6073349714279175 0.6173022985458374 -0.1430911272764206
0.5579533576965332 0.6181914210319519 -0.1536504328250885
0.4853094220161438 0.6826874613761902 -0.08574562519788742
0.6524677276611328 0.6628328561782837 -0.11790595203638077
0.6150259971618652 0.6803581118583679 -0.11372540146112442
0.568017840385437 0.6870225667953491 -0.1163877621293068
0.5031428933143616 0.7667264938354492 -0.09353715181350708
0.6613996624946594 0.7376894950866699 -0.12026378512382507
0.6255989074707031 0.7519078850746155 -0.10556606948375702
0.5822007060050964 0.7595888376235962 -0.09859585016965866
0.5253292322158813 0.8393207788467407 -0.1038520336151123
0.6534194350242615 0.8157694935798645 -0.11873192340135574
0.626984179019928 0.8222967386245728 -0.11056451499462128
0.582480788230896 0.8291025161743164 -0.1074577271938324
