0.5895949602127075 0.6055437922477722 -4.072321857506722e-08
0.6466628313064575 0.6596512794494629 -0.0477411188185215
0.6899288892745972 0.7124084234237671 -0.08428638428449631
0.6822462677955627 0.7515159249305725 -0.11291133612394333
0.6343075633049011 0.7558735609054565 -0.140790194272995
0.7197045087814331 0.5537698268890381 -0.10514097660779953
0.6554072499275208 0.7301506996154785 -0.15149450302124023
0.6381633877754211 0.7252304553985596 -0.17898030579090118
0.6462082266807556 0.6824550628662109 -0.20040205121040344
0.6594786047935486 0.5079569220542908 -0.10171543806791306
0.6049578189849854 0.7117716073989868 -0.13505686819553375
0.601810097694397 0.6869986057281494 -0.13688066601753235
0.6128162741661072 0.6259992122650146 -0.1448591947555542
0.5963045954704285 0.4928359091281891 -0.10003749281167984
0.5529688000679016 0.6814822554588318 -0.12553253769874573
0.557391881942749 0.6583194732666016 -0.10939861088991165
0.5753819942474365 0.6008009910583496 -0.10137902200222015
0.5370593070983887 0.49650466442108154 -0.10518288612365723
0.5133068561553955 0.6383346915245056 -0.13299725949764252
0.5236582159996033 0.6276841759681702 -0.13366329669952393
0.5377292633056641 0.5841291546821594 -0.13303625583648682
