0.6100140810012817 0.8306683301925659 -1.5911709283500386e-07
0.5772363543510437 0.7344555854797363 -0.0029836774338036776
0.510793149471283 0.6548473834991455 -0.020944081246852875
0.4416050910949707 0.6557428240776062 -0.03568754345178604
0.4067758619785309 0.7115498781204224 -0.05121271312236786
0.5336207151412964 0.6887495517730713 -0.07660198956727982
0.4140428304672241 0.7123957276344299 -0.10535697638988495
0.4369470775127411 0.7087106108665466 -0.11505249887704849
0.4726199209690094 0.7057573795318604 -0.11712261289358139
0.53663170337677 0.7670540809631348 -0.08668649941682816
0.40751636028289795 0.772240936756134 -0.11090152710676193
0.43656980991363525 0.7657753229141235 -0.10744909942150116
0.47853970527648926 0.7727406620979309 -0.10434933751821518
0.5313396453857422 0.8350443243980408 -0.09231850504875183
0.41292887926101685 0.8304660320281982 -0.10674456506967545
0.44159674644470215 0.821869432926178 -0.08787217736244202
0.48010361194610596 0.8234241604804993 -0.07512278109788895
0.5211817026138306 0.8983973264694214 -0.09710103273391724
0.4308769106864929 0.8856368064880371 -0.10619062930345535
0.4549444913864136 0.8761751055717468 -0.08986788243055344
0.48767411708831787 0.8789696097373962 -0.07798784226179123
