0.610622763633728 0.8024227619171143 -5.363856985241e-07
0.5734407305717468 0.7310930490493774 0.007275663781911135
0.518231987953186 0.6799496412277222 -0.0004970353911630809
0.46252694725990295 0.6639021039009094 -0.010772245936095715
0.4254169166088104 0.6764088869094849 -0.019178910180926323
0.5118827223777771 0.5899398326873779 -0.011177930980920792
0.4139566719532013 0.6404054164886475 -0.02847195789217949
0.4180806875228882 0.6865899562835693 -0.035107553005218506
0.43475309014320374 0.6914888620376587 -0.037547800689935684
0.509965717792511 0.6232547760009766 -0.022286338731646538
0.41217249631881714 0.6838610172271729 -0.03359813988208771
0.41535046696662903 0.7288569211959839 -0.029603244736790657
0.42952945828437805 0.7348116040229797 -0.028319014236330986
0.5033441185951233 0.6682868003845215 -0.033558353781700134
0.4194980263710022 0.7247883677482605 -0.04161381721496582
0.42040735483169556 0.763549268245697 -0.03395461291074753
0.4320618212223053 0.7719751000404358 -0.03084811009466648
0.4955054819583893 0.7196319699287415 -0.044624727219343185
0.4305104613304138 0.7594773173332214 -0.05105646327137947
0.4280458688735962 0.7878479957580566 -0.04878644272685051
0.4325443208217621 0.7975866794586182 -0.04668717831373215
