1.0791386365890503 0.447527140378952 -4.183504529464699e-07
1.0120911598205566 0.33706164360046387 0.005180275999009609
0.9154956936836243 0.26271486282348633 -0.010396250523626804
0.8285529017448425 0.27911192178726196 -0.028868142515420914
0.7759221196174622 0.35423699021339417 -0.04691779986023903
0.8709567785263062 0.2583716809749603 -0.048736829310655594
0.7317990064620972 0.350145161151886 -0.08511073887348175
0.7727420926094055 0.3608262836933136 -0.10008431226015091
0.8280314803123474 0.34050798416137695 -0.10281012207269669
0.8805272579193115 0.3639906942844391 -0.06650501489639282
0.7457021474838257 0.4397364556789398 -0.09169765561819077
0.7865265607833862 0.4477561116218567 -0.08839239180088043
0.8357327580451965 0.43465563654899597 -0.08508677780628204
0.8884471654891968 0.47188693284988403 -0.08240191638469696
0.7575492858886719 0.52628093957901 -0.10176517069339752
0.7999123334884644 0.529711127281189 -0.07742473483085632
0.8493101000785828 0.516858696937561 -0.0595872662961483
0.8963692784309387 0.5796244740486145 -0.09710176289081573
0.7843488454818726 0.6067209243774414 -0.10775740444660187
0.8194128274917603 0.6071615219116211 -0.08335878700017929
0.8645145297050476 0.5992159247398376 -0.06302279233932495
