0.8719951510429382 0.8666568398475647 -4.264183530722221e-07
0.882698655128479 0.6944143772125244 0.03714911267161369
0.8566271066665649 0.5536821484565735 0.05094270408153534
0.787487804889679 0.4893931746482849 0.060236621648073196
0.7271009683609009 0.508370578289032 0.06922924518585205
0.7564318180084229 0.4819727838039398 0.025063222274184227
0.6910276412963867 0.4454197883605957 0.05235592648386955
0.7009780406951904 0.4914516508579254 0.06846250593662262
0.726073145866394 0.5309154391288757 0.07723245024681091
0.6900590658187866 0.540884792804718 0.012734999880194664
0.6630121469497681 0.53407222032547 0.05499280244112015
0.6858798265457153 0.5764362812042236 0.0679253339767456
0.7140544056892395 0.6091116666793823 0.06663549691438675
0.6467754244804382 0.6200544834136963 0.007979057729244232
0.6383832693099976 0.6090582609176636 0.0500657744705677
0.6625562310218811 0.6415115594863892 0.06066509336233139
0.6925753355026245 0.6759957075119019 0.05519077554345131
0.6172796487808228 0.7005296945571899 0.00639386149123311
0.607242226600647 0.6693406105041504 0.04153333604335785
0.6335487365722656 0.6929466724395752 0.06301979720592499
0.6626269817352295 0.7203601002693176 0.07458219677209854
