0.5372840762138367 0.779322624206543 -4.910319262307894e-07
0.49684765934944153 0.7904807925224304 0.008122114464640617
0.47335168719291687 0.7776629328727722 0.006630811374634504
0.45452600717544556 0.7705767154693604 -0.0002157325652660802
0.4417319595813751 0.758040726184845 -0.004099434241652489
0.4868116080760956 0.6621778011322021 0.023951228708028793
0.4339205026626587 0.7005476951599121 0.005379297770559788
0.4518280625343323 0.7340285778045654 -0.009079829789698124
0.4718591570854187 0.7359399795532227 -0.016483264043927193
0.4894469678401947 0.6513345241546631 0.01110816840082407
0.4280449450016022 0.6963210701942444 -0.008676544763147831
0.4500124156475067 0.7331008911132812 -0.01691635511815548
0.4719794988632202 0.7328492403030396 -0.018272120505571365
0.48636749386787415 0.6439201235771179 -0.004336709622293711
0.4266999363899231 0.6859358549118042 -0.018879245966672897
0.44920504093170166 0.7237960696220398 -0.015210337936878204
0.47107669711112976 0.7210923433303833 -0.009514400735497475
0.4784387946128845 0.6417447924613953 -0.020395427942276
0.431693434715271 0.6768802404403687 -0.02906363271176815
0.4493042528629303 0.7051280736923218 -0.02527812495827675
0.4702344834804535 0.702430784702301 -0.0189040694385767
