0.9054206013679504 0.5483927726745605 -8.41547091567918e-07
0.86420738697052 0.7019033432006836 -0.02910540997982025
0.7722639441490173 0.7972151041030884 -0.03275785595178604
0.6733828783035278 0.7726209759712219 -0.04155217483639717
0.6431133151054382 0.6885339021682739 -0.04093654081225395
0.700127363204956 0.7348605990409851 0.03879482299089432
0.6424185037612915 0.7546035051345825 -0.008376101031899452
0.718600869178772 0.7289628982543945 -0.028868908062577248
0.7379075288772583 0.7137757539749146 -0.03466082736849785
0.6855753660202026 0.6432574987411499 0.033023424446582794
0.6306629776954651 0.6610219478607178 -0.020073119550943375
0.7305201292037964 0.6480864882469177 -0.027329616248607635
0.7369951605796814 0.6441845893859863 -0.01356701459735632
0.6827770471572876 0.5555530190467834 0.013814136385917664
0.6341226100921631 0.5710837841033936 -0.04401759058237076
0.7331615090370178 0.5695053339004517 -0.02460324577987194
0.744351863861084 0.5658899545669556 0.00904947891831398
0.6893182992935181 0.4617695212364197 -0.00912613794207573
0.638115644454956 0.4816665053367615 -0.031033433973789215
0.7069456577301025 0.49015700817108154 -0.005764693953096867
0.7282538414001465 0.4810255765914917 0.023207204416394234
