0.8746592402458191 0.8676155805587769 -4.5708577545156004e-07
0.9334765672683716 0.7188818454742432 0.04350264370441437
0.9499027132987976 0.5865687727928162 0.06193454936146736
0.8988621234893799 0.5096971988677979 0.07758013159036636
0.8343101143836975 0.51080322265625 0.09141883999109268
0.8838554620742798 0.47349750995635986 0.022690771147608757
0.8463085889816284 0.4085284471511841 0.05819492042064667
0.8279036283493042 0.4578225612640381 0.08190008252859116
0.8284211158752441 0.5118571519851685 0.09508045762777328
0.7957682013511658 0.4813191294670105 0.011358613148331642
0.7705246806144714 0.46209192276000977 0.06452522426843643
0.7675820589065552 0.5223119258880615 0.08488398790359497
0.7815460562705994 0.5709899663925171 0.08696146309375763
0.7240020632743835 0.5278225541114807 0.009401801973581314
0.7079068422317505 0.5216037034988403 0.05791999027132988
0.7167311906814575 0.5738509297370911 0.07067463546991348
0.7351737022399902 0.6234160661697388 0.06497710943222046
0.6663857102394104 0.5922995805740356 0.012226345017552376
0.6460868120193481 0.5596631765365601 0.04740381985902786
0.6631423234939575 0.6003119349479675 0.06946644186973572
0.6879708170890808 0.6445790529251099 0.08139553666114807
