0.55757737159729 0.5997592210769653 -4.3269551497360226e-07
0.5452781319618225 0.5229401588439941 0.036314353346824646
0.5394607186317444 0.439227432012558 0.04098778963088989
0.5503750443458557 0.37816473841667175 0.03570680320262909
0.5663038492202759 0.34194159507751465 0.03207492083311081
0.4750242531299591 0.37138456106185913 0.021127577871084213
0.532760500907898 0.3134223222732544 0.012015178799629211
0.5473503470420837 0.3418102562427521 0.00988257210701704
0.5452513098716736 0.36779338121414185 0.008049918338656425
0.4862780272960663 0.3625034689903259 -0.007593660149723291
0.5995368361473083 0.3174487054347992 -0.01448480598628521
0.6026648879051208 0.3701409697532654 -0.009437560103833675
0.5821807384490967 0.40223562717437744 -0.007005081046372652
0.5113727450370789 0.3716733753681183 -0.03467688336968422
0.6212058067321777 0.34004366397857666 -0.03613301366567612
0.6197816729545593 0.39555662870407104 -0.024785274639725685
0.5973498821258545 0.421665757894516 -0.02078879624605179
0.5448626279830933 0.3899993896484375 -0.060371577739715576
0.6317043900489807 0.36785951256752014 -0.05761794373393059
0.6280514001846313 0.41284435987472534 -0.048927877098321915
0.604812741279602 0.4375573992729187 -0.0446370430290699
