0.7396092414855957 0.7887154817581177 -3.469160958502471e-07
0.687620222568512 0.6461025476455688 -0.02313627302646637
0.6190673112869263 0.5352827906608582 -0.061717890202999115
0.5464299917221069 0.500627875328064 -0.09533704072237015
0.5127494931221008 0.5513172745704651 -0.12774956226348877
0.6989896297454834 0.553745687007904 -0.13166369497776031
0.48081618547439575 0.6158455014228821 -0.17231780290603638
0.503248393535614 0.6531590223312378 -0.1700402945280075
0.5644049644470215 0.6428378820419312 -0.1651538461446762
0.7197390198707581 0.6671828627586365 -0.1469479650259018
0.48050206899642944 0.7238656282424927 -0.1835043728351593
0.515409529209137 0.7220960259437561 -0.16422997415065765
0.5725681185722351 0.702540934085846 -0.15658512711524963
0.7223748564720154 0.7767900824546814 -0.1587955802679062
0.4993632435798645 0.8132624626159668 -0.19270868599414825
0.5374828577041626 0.8051503300666809 -0.16070957481861115
0.6000865697860718 0.788291871547699 -0.14198699593544006
0.7144852876663208 0.8790911436080933 -0.17166933417320251
0.5404909253120422 0.8983891606330872 -0.20437045395374298
0.5735408663749695 0.8769769072532654 -0.19224682450294495
0.6344559192657471 0.8543691635131836 -0.18296346068382263
