0.4897483289241791 0.5850531458854675 1.7175560174109705e-07
0.5531152486801147 0.4854985475540161 -0.03957315534353256
0.615494430065155 0.4076928496360779 -0.07667981833219528
0.6641459465026855 0.36185407638549805 -0.10764338821172714
0.6611406207084656 0.3556557297706604 -0.13250470161437988
0.5047695636749268 0.35212332010269165 -0.1045338436961174
0.6462548971176147 0.37935951352119446 -0.1480432152748108
0.6513307094573975 0.4237721860408783 -0.157672718167305
0.612055242061615 0.4306892156600952 -0.1620621681213379
0.4871421158313751 0.4284833073616028 -0.10843763500452042
0.6594054698944092 0.47135406732559204 -0.152390256524086
0.6436262726783752 0.5068038702011108 -0.14401306211948395
0.5979934334754944 0.49719923734664917 -0.13966408371925354
0.4904002547264099 0.5103209018707275 -0.11401376873254776
0.6504488587379456 0.5512943267822266 -0.14901266992092133
0.6296713352203369 0.5668321847915649 -0.13004158437252045
0.5865814089775085 0.5486127138137817 -0.11879303306341171
0.5059749484062195 0.5864455699920654 -0.12350910156965256
0.634051501750946 0.6179226636886597 -0.14693213999271393
0.6145635843276978 0.6248162984848022 -0.1404787003993988
0.5693576335906982 0.6135014891624451 -0.1372193545103073
