0.8414720296859741 0.9131314754486084 -3.7473634506568487e-07
0.8070012927055359 0.7243586778640747 -0.02343623898923397
0.7532564401626587 0.554175078868866 -0.07236120104789734
0.6630507111549377 0.469648540019989 -0.11701853573322296
0.5951354503631592 0.47983306646347046 -0.16204942762851715
0.8676966428756714 0.5534977316856384 -0.14338821172714233
0.6431210041046143 0.5018946528434753 -0.18766935169696808
0.6327840089797974 0.5739128589630127 -0.18582971394062042
0.6796824336051941 0.6049644351005554 -0.18209819495677948
0.8575245141983032 0.6836883425712585 -0.1625194251537323
0.6084882020950317 0.6106449365615845 -0.20744284987449646
0.6180459260940552 0.6637089252471924 -0.18893054127693176
0.6712706089019775 0.6899335980415344 -0.18071119487285614
0.820960521697998 0.8067948222160339 -0.17727024853229523
0.590732753276825 0.7165065407752991 -0.21628648042678833
0.6098122596740723 0.7576411366462708 -0.18315806984901428
0.667728841304779 0.7875959873199463 -0.1635461002588272
0.7677525877952576 0.9131613373756409 -0.19178879261016846
0.5991113185882568 0.8212721943855286 -0.22871695458889008
0.6209306716918945 0.8367397785186768 -0.2157631516456604
0.6791914105415344 0.8638392686843872 -0.20514973998069763
