0.5766611695289612 0.6989330053329468 -6.108482608624399e-08
0.6115182042121887 0.6180038452148438 -0.007099039386957884
0.6140358448028564 0.5411481261253357 -0.011213119141757488
0.592328667640686 0.5039275884628296 -0.013997388072311878
0.5663576126098633 0.5237550139427185 -0.015942873433232307
0.5235300064086914 0.5146785974502563 -0.008982799015939236
0.55320143699646 0.4827049672603607 -0.01756925694644451
0.5679929256439209 0.5139803886413574 -0.028162524104118347
0.5651440024375916 0.5420909523963928 -0.036510199308395386
0.49227309226989746 0.5432255268096924 -0.009476147592067719
0.5220977067947388 0.513421893119812 -0.01212410256266594
0.5378811955451965 0.5394272804260254 -0.015728536993265152
0.5389927625656128 0.5650518536567688 -0.020227782428264618
0.47342222929000854 0.5801655650138855 -0.009985075332224369
0.4975627064704895 0.5500470399856567 -0.012369430623948574
0.5128507018089294 0.5687260627746582 -0.009477886371314526
0.516619086265564 0.5915532112121582 -0.00892493687570095
0.4636368453502655 0.6185265183448792 -0.011014997959136963
0.4778769910335541 0.5913008451461792 -0.011522124521434307
0.4936320185661316 0.6017804741859436 -0.004762765020132065
0.5007924437522888 0.61784428358078 0.00043292486225254834
