0.5518690347671509 0.766876757144928 -6.055722110431816e-07
0.5061339139938354 0.8019232153892517 0.022960612550377846
0.4790531098842621 0.8070206642150879 0.0344395749270916
0.45249348878860474 0.7920894026756287 0.037285711616277695
0.43260014057159424 0.7707624435424805 0.04160495102405548
0.4711633622646332 0.7229099273681641 0.056947801262140274
0.433167427778244 0.7300542593002319 0.0523722767829895
0.45251384377479553 0.7559292316436768 0.04373922944068909
0.47431230545043945 0.760547935962677 0.03973182290792465
0.4713592231273651 0.7038969397544861 0.04366527497768402
0.42412644624710083 0.7105700969696045 0.03478659689426422
0.4556237757205963 0.7425701022148132 0.026116956025362015
0.48040151596069336 0.739538848400116 0.025268156081438065
0.47365671396255493 0.6779860854148865 0.028647541999816895
0.4274827241897583 0.6875730752944946 0.02196529693901539
0.4569702446460724 0.7201904654502869 0.024031877517700195
0.48101261258125305 0.7096474170684814 0.029482156038284302
0.48304104804992676 0.6446298360824585 0.01512438990175724
0.43892228603363037 0.648544192314148 0.017776615917682648
0.4576849937438965 0.6801115870475769 0.028576139360666275
0.4822215139865875 0.6765316128730774 0.03845089673995972
