0.9628852605819702 0.4718875288963318 -1.1626151490418124e-06
0.8251295685768127 0.5248451232910156 0.029882319271564484
0.7452712059020996 0.48600298166275024 0.0294477716088295
0.6980879306793213 0.4674200415611267 0.016261134296655655
0.6549526453018188 0.4488055408000946 0.00921555981040001
0.7017571926116943 0.24869287014007568 0.04802573099732399
0.615307092666626 0.4221344590187073 0.007395177613943815
0.6805521845817566 0.48293551802635193 -0.023679496720433235
0.7292321920394897 0.4638766050338745 -0.04040117561817169
0.7162051200866699 0.23446957767009735 0.013022207655012608
0.616777777671814 0.4405519962310791 -0.026922916993498802
0.690409243106842 0.5003845691680908 -0.03904053941369057
0.7379668951034546 0.46804094314575195 -0.04043026641011238
0.7353538274765015 0.25535720586776733 -0.025831758975982666
0.6378233432769775 0.45202353596687317 -0.05604252219200134
0.7101995348930359 0.507227897644043 -0.040231917053461075
0.7546715140342712 0.4688079357147217 -0.02516803704202175
0.7548837661743164 0.29868805408477783 -0.06507852673530579
0.681884229183197 0.4614715874195099 -0.08436278998851776
0.7333225011825562 0.49646857380867004 -0.07353968918323517
0.7719624042510986 0.46001705527305603 -0.05977162718772888
