0.5943668484687805 0.8329620957374573 -2.057206387462429e-07
0.5302072167396545 0.7426254749298096 0.03830082342028618
0.5066649913787842 0.6513676643371582 0.04589304327964783
0.5124651193618774 0.5852764844894409 0.04487520828843117
0.5347062945365906 0.5471452474594116 0.04498473182320595
0.4779913127422333 0.5538128614425659 0.02081153728067875
0.5150636434555054 0.47262877225875854 0.03191293403506279
0.557813286781311 0.46536785364151 0.04385446012020111
0.5831816792488098 0.4833212196826935 0.05124974250793457
0.5281708836555481 0.5335096716880798 -0.0031057605519890785
0.5894666910171509 0.47351160645484924 0.015789929777383804
0.6191830635070801 0.4980035424232483 0.025312574580311775
0.6225770115852356 0.533271849155426 0.02689855545759201
0.5876651406288147 0.5342417359352112 -0.022268181666731834
0.6466530561447144 0.48488014936447144 -0.00021991196263115853
0.6618848443031311 0.517461895942688 0.013583275489509106
0.6557255983352661 0.5557469129562378 0.015369624830782413
0.6456745862960815 0.5514681935310364 -0.0393453873693943
0.6905053853988647 0.5104002952575684 -0.015534480102360249
0.6955092549324036 0.5442414879798889 0.0033819570671766996
0.684001624584198 0.5824173092842102 0.01368703506886959
