1.0117731094360352 0.5176085829734802 -3.628831848345726e-07
0.9761441349983215 0.6374650597572327 -0.02454373985528946
0.8859544992446899 0.7205968499183655 -0.033954884856939316
0.8020078539848328 0.7292507886886597 -0.044919129461050034
0.7352833151817322 0.6917194724082947 -0.05294188857078552
0.8044527173042297 0.6793420314788818 0.006897482089698315
0.7543088793754578 0.6691136360168457 -0.03804381936788559
0.7526410818099976 0.657728910446167 -0.06554621458053589
0.7684566974639893 0.6430039405822754 -0.07638878375291824
0.7964414358139038 0.5950442552566528 0.0008139641722664237
0.7621942162513733 0.6006667613983154 -0.05148885026574135
0.8409549593925476 0.5954369306564331 -0.06219511851668358
0.8920388221740723 0.582317054271698 -0.05234796553850174
0.8032023310661316 0.5076159834861755 -0.013902022503316402
0.7802400588989258 0.5142101645469666 -0.06835689395666122
0.8603289127349854 0.5189520120620728 -0.05328454077243805
0.9030733704566956 0.5128334164619446 -0.02499455027282238
0.8204880356788635 0.41842272877693176 -0.03070446476340294
0.791911780834198 0.43006131052970886 -0.06274554133415222
0.8524377942085266 0.4453445374965668 -0.04411926120519638
0.8863281607627869 0.44618725776672363 -0.018910609185695648
