0.5978668332099915 0.6311149597167969 1.0995914578870725e-07
0.6205900311470032 0.5790707468986511 -0.03314238786697388
0.6222470998764038 0.5127056241035461 -0.048912182450294495
0.623555600643158 0.4553881883621216 -0.056375689804553986
0.6302450299263 0.41923633217811584 -0.05960996448993683
0.5237934589385986 0.49617117643356323 -0.036531634628772736
0.5729875564575195 0.4283106029033661 -0.04813742637634277
0.5980879068374634 0.43264520168304443 -0.05706419795751572
0.6058433055877686 0.44358623027801514 -0.06293082237243652
0.5044472813606262 0.5018431544303894 -0.02247677929699421
0.5567975044250488 0.43136653304100037 -0.03410563990473747
0.5825369358062744 0.43919581174850464 -0.03945622593164444
0.5956944823265076 0.45337235927581787 -0.042011015117168427
0.5008659362792969 0.5039383769035339 -0.009516038000583649
0.5445027351379395 0.43855515122413635 -0.017932936549186707
0.5678112506866455 0.4422915279865265 -0.017982792109251022
0.5825494527816772 0.4530968964099884 -0.016536738723516464
0.505732536315918 0.5050290822982788 0.000996095477603376
0.5324798226356506 0.4515542984008789 -0.003288921667262912
0.5510578751564026 0.446989506483078 -0.0016949338605627418
0.5626527667045593 0.4488224983215332 0.001451726071536541
