0.5853824019432068 0.6835405826568604 -1.1805298782974205e-07
0.6274988055229187 0.5957447290420532 -0.005304546561092138
0.6223152875900269 0.5089998841285706 -0.0028779853601008654
0.5956538319587708 0.460418164730072 0.003280752105638385
0.5726768374443054 0.4859342575073242 0.010762050747871399
0.5168420076370239 0.49698397517204285 -0.007738967426121235
0.5546409487724304 0.4457140862941742 -0.00453491834923625
0.5784021019935608 0.47751179337501526 -0.008914393372833729
0.5764719247817993 0.5060906410217285 -0.015103965997695923
0.4860351085662842 0.5325396656990051 -0.003167960559949279
0.5250298976898193 0.4786604344844818 0.004298167768865824
0.5489994287490845 0.5019140243530273 0.0025555186439305544
0.5509471297264099 0.5306311845779419 -0.002604596083983779
0.47515958547592163 0.569743812084198 0.0034027660731226206
0.5060610175132751 0.5150732398033142 0.010507713072001934
0.5275850296020508 0.5307897329330444 0.012541405856609344
0.531494677066803 0.5560157895088196 0.010215057991445065
0.4750562608242035 0.6023656129837036 0.010040798224508762
0.4968043863773346 0.5514949560165405 0.017663922160863876
0.5139694809913635 0.5641692280769348 0.024973846971988678
0.5191544890403748 0.5855456590652466 0.02823285013437271
