0.6054481863975525 0.5676471590995789 -4.5298264694793033e-07
0.6767603754997253 0.5379312038421631 -0.021376950666308403
0.7461677193641663 0.4620558023452759 -0.023324450477957726
0.7574775218963623 0.3714418411254883 -0.024135714396834373
0.7136746048927307 0.330178439617157 -0.017975255846977234
0.6892408132553101 0.3697553873062134 0.005493945442140102
0.7040829062461853 0.3126734495162964 -0.023037083446979523
0.6962596774101257 0.39496180415153503 -0.03583209589123726
0.6896467208862305 0.41639912128448486 -0.03931722790002823
0.6406034827232361 0.3550807237625122 0.008538843132555485
0.6542055606842041 0.3089759349822998 -0.017502490431070328
0.6499625444412231 0.40851926803588867 -0.019848104566335678
0.6437084078788757 0.4124034345149994 -0.01421645563095808
0.5968257784843445 0.3473762273788452 0.005506512243300676
0.6064616441726685 0.2900867462158203 -0.02248072251677513
0.6045399904251099 0.3854408860206604 -0.006038984749466181
0.5966391563415527 0.3994518518447876 0.012147580273449421
0.5479432344436646 0.34088724851608276 0.0006310634780675173
0.5566388368606567 0.29583248496055603 -0.010450913570821285
0.5573675036430359 0.3596460819244385 0.007269460242241621
0.5525214672088623 0.3793032467365265 0.024950973689556122
