0.8693714737892151 0.5266746282577515 5.555843927140813e-07
0.8247087597846985 0.6287016272544861 -0.03014289401471615
0.7473006248474121 0.7090805768966675 -0.048801254481077194
0.6903988122940063 0.7718475461006165 -0.06555940210819244
0.6632238030433655 0.8439239859580994 -0.0835450142621994
0.6370503902435303 0.6130772233009338 -0.03377528116106987
0.5362035036087036 0.6228203773498535 -0.061695776879787445
0.4751437306404114 0.6220647692680359 -0.08452073484659195
0.42546167969703674 0.6152022480964661 -0.10091299563646317
0.6307798624038696 0.5450475215911865 -0.03988252952694893
0.5170308351516724 0.5439356565475464 -0.06273588538169861
0.44583702087402344 0.5423535108566284 -0.08405661582946777
0.3874374330043793 0.5403896570205688 -0.10045141726732254
0.6449048519134521 0.48362278938293457 -0.04997700825333595
0.538103461265564 0.473099946975708 -0.07256040722131729
0.4730501174926758 0.47193312644958496 -0.09183631837368011
0.41957995295524597 0.4756586253643036 -0.1064843013882637
0.6741045713424683 0.42529061436653137 -0.06271610409021378
0.6000642776489258 0.40145838260650635 -0.08334924280643463
0.5489619970321655 0.39508378505706787 -0.0949559360742569
0.5026214122772217 0.39540553092956543 -0.10373222082853317
