0.4706253707408905 0.7070485353469849 4.511208544499823e-07
0.5463142991065979 0.6551669836044312 -0.02283191867172718
0.5998954176902771 0.55466228723526 -0.02635202929377556
0.6330605149269104 0.4656614065170288 -0.029839802533388138
0.6602563858032227 0.4001328945159912 -0.03320769593119621
0.5641604661941528 0.41390523314476013 -0.005591247696429491
0.5976107120513916 0.30579081177711487 -0.021710524335503578
0.6144614815711975 0.23943336308002472 -0.03716279938817024
0.6261806488037109 0.18314382433891296 -0.04896446689963341
0.5215710997581482 0.39768075942993164 -0.00900561548769474
0.545097827911377 0.2769496440887451 -0.023267045617103577
0.5553837418556213 0.19737884402275085 -0.03936111181974411
0.5611181259155273 0.13058006763458252 -0.051224615424871445
0.4768867790699005 0.4079431891441345 -0.017063604667782784
0.4869568347930908 0.28856372833251953 -0.035322483628988266
0.49083349108695984 0.21366821229457855 -0.05305417254567146
0.49331778287887573 0.1514497697353363 -0.06532766669988632
0.42985600233078003 0.44011518359184265 -0.02750462293624878
0.41635262966156006 0.3565616309642792 -0.048905547708272934
0.40456825494766235 0.2980567514896393 -0.061676956713199615
0.39297354221343994 0.24403277039527893 -0.06924952566623688
