0.8358769416809082 0.5862518548965454 6.913146535225678e-07
0.7744001746177673 0.6704100370407104 -0.03148796781897545
0.6922134160995483 0.7243925333023071 -0.05440685525536537
0.6284746527671814 0.764464259147644 -0.07526608556509018
0.584876537322998 0.8130472898483276 -0.09659965336322784
0.6023989319801331 0.5939803123474121 -0.03782045468688011
0.5136105418205261 0.5484036207199097 -0.06871797889471054
0.4613759517669678 0.5088654160499573 -0.09392101317644119
0.42223966121673584 0.4709557592868805 -0.11026885360479355
0.6135091185569763 0.5315245389938354 -0.04301745817065239
0.5139409899711609 0.47761374711990356 -0.06650730967521667
0.4505513906478882 0.4387166500091553 -0.08571310341358185
0.39968281984329224 0.40259045362472534 -0.09947477281093597
0.6394267678260803 0.4804389178752899 -0.05238027125597
0.5439173579216003 0.42821383476257324 -0.07378064841032028
0.4808495044708252 0.3956177234649658 -0.0884399563074112
0.4292501211166382 0.36780643463134766 -0.09870148450136185
0.6767133474349976 0.4360739588737488 -0.06484685838222504
0.6073500514030457 0.39283180236816406 -0.08241774141788483
0.5574336051940918 0.3684646487236023 -0.08889351785182953
0.5127076506614685 0.34801238775253296 -0.09271936863660812
