0.06357260793447495 0.5155351758003235 2.571406696461054e-07
0.10608562082052231 0.5139036178588867 0.0008323931833729148
0.1494138389825821 0.5071031451225281 -0.0044454727321863174
0.1767958551645279 0.4907339811325073 -0.012295571155846119
0.1908968836069107 0.46592018008232117 -0.02080037072300911
0.17069260776042938 0.5409594774246216 -0.00764302397146821
0.21205419301986694 0.5357428789138794 -0.02178088016808033
0.23880764842033386 0.53368079662323 -0.030734896659851074
0.2596699893474579 0.5361566543579102 -0.035543765872716904
0.16184990108013153 0.5358213782310486 -0.015301202423870564
0.19687381386756897 0.5197033882141113 -0.027597587555646896
0.21615155041217804 0.5142890810966492 -0.034251708537340164
0.23187020421028137 0.5145710110664368 -0.038374822586774826
0.14579494297504425 0.5212560296058655 -0.023025166243314743
0.1646040976047516 0.47587865591049194 -0.03590040281414986
0.14987988770008087 0.47003015875816345 -0.03439199551939964
0.13755804300308228 0.47931453585624695 -0.03055119328200817
0.12677998840808868 0.5033758282661438 -0.030461575835943222
0.14034850895404816 0.46134060621261597 -0.03829248994588852
0.129740372300148 0.4609381854534149 -0.03372814878821373
0.12086094915866852 0.47173011302948 -0.028405915945768356
