1.0247331857681274 0.5183907747268677 4.346348703165859e-07
0.9592243432998657 0.5740320086479187 -0.035414621233940125
0.8776110410690308 0.6022214889526367 -0.0625014454126358
0.8068656325340271 0.6280227899551392 -0.08578287065029144
0.7564266920089722 0.672174870967865 -0.10897403955459595
0.8136780858039856 0.4413945972919464 -0.04552503302693367
0.7269607186317444 0.38963985443115234 -0.07264138013124466
0.6732521057128906 0.3607795834541321 -0.09449880570173264
0.6296515464782715 0.3372940719127655 -0.10934275388717651
0.8341515064239502 0.3812240660190582 -0.04585461691021919
0.7470455169677734 0.3107379674911499 -0.06602944433689117
0.6922916173934937 0.2691305875778198 -0.0838535875082016
0.6498433351516724 0.23389600217342377 -0.09741427004337311
0.8674794435501099 0.3384731709957123 -0.04915204644203186
0.7950099110603333 0.2586478888988495 -0.06627941876649857
0.7482423782348633 0.21047963201999664 -0.08160252869129181
0.7101863622665405 0.17290902137756348 -0.09331664443016052
0.909271240234375 0.3079347610473633 -0.05527535453438759
0.8659725189208984 0.2342817634344101 -0.06858715415000916
0.8375536203384399 0.18754544854164124 -0.07465312629938126
0.8113620281219482 0.14662596583366394 -0.07876691222190857
