0.5163680911064148 0.8269586563110352 6.186418204379152e-07
0.5921689867973328 0.7641634941101074 -0.039907701313495636
0.6439791917800903 0.6611191034317017 -0.06036408618092537
0.6838890314102173 0.564213216304779 -0.07839110493659973
0.7224118709564209 0.4955666661262512 -0.09763067215681076
0.5858354568481445 0.5276957750320435 -0.049772679805755615
0.6139429807662964 0.39642447233200073 -0.086435966193676
0.6274781227111816 0.3096400499343872 -0.11415392905473709
0.636609673500061 0.2318839430809021 -0.13380984961986542
0.5314396023750305 0.511885404586792 -0.054542284458875656
0.537334680557251 0.3555089831352234 -0.08816904574632645
0.5423296689987183 0.2547867000102997 -0.11380581557750702
0.5441288948059082 0.16672644019126892 -0.13170412182807922
0.48050934076309204 0.5296212434768677 -0.06364954262971878
0.4719485640525818 0.38727113604545593 -0.09903453290462494
0.46917232871055603 0.29234594106674194 -0.12303885817527771
0.4668835699558258 0.21086692810058594 -0.13789908587932587
0.4315292239189148 0.5743517279624939 -0.07595440000295639
0.4012026786804199 0.4702873229980469 -0.11082721501588821
0.37945759296417236 0.399573415517807 -0.12742775678634644
0.35933661460876465 0.33192306756973267 -0.13682769238948822
