0.957542896270752 0.544916033744812 4.877775836575893e-07
0.9262273907661438 0.6334691047668457 -0.024927718564867973
0.8701761960983276 0.7203359007835388 -0.04232204332947731
0.8370494246482849 0.7956178188323975 -0.05913833528757095
0.8301917314529419 0.8647490739822388 -0.0776413232088089
0.7462225556373596 0.6317437291145325 -0.025455117225646973
0.6609470248222351 0.6631823778152466 -0.04821769520640373
0.6086276769638062 0.6783653497695923 -0.06873267143964767
0.5634658932685852 0.68822181224823 -0.08448605984449387
0.7346085906028748 0.5755734443664551 -0.033753473311662674
0.6362130641937256 0.5863070487976074 -0.05169825628399849
0.575531542301178 0.5954145193099976 -0.06941112875938416
0.5260035395622253 0.6029316782951355 -0.08365309238433838
0.7432969808578491 0.5220143795013428 -0.04591265693306923
0.6495177745819092 0.5177926421165466 -0.06331267207860947
0.5939819812774658 0.5224097967147827 -0.07805617153644562
0.5478042960166931 0.5300291180610657 -0.09012167155742645
0.7675378918647766 0.4677479863166809 -0.06083351746201515
0.6987915635108948 0.43904542922973633 -0.07564464211463928
0.6533418893814087 0.4270631670951843 -0.08225681632757187
0.6130452752113342 0.4225533902645111 -0.08799155056476593
