0.8215579390525818 0.9810038208961487 5.281618769004126e-07
0.7277775406837463 0.927213728427887 -0.028529370203614235
0.6602412462234497 0.8182871341705322 -0.04435775801539421
0.6143454909324646 0.7250569462776184 -0.06029722839593887
0.5651512145996094 0.6505005359649658 -0.07661227881908417
0.6862600445747375 0.6594844460487366 -0.022278891876339912
0.6344561576843262 0.5317955017089844 -0.054612819105386734
0.6031071543693542 0.45332974195480347 -0.08062848448753357
0.5805528163909912 0.38056787848472595 -0.09940975904464722
0.732711672782898 0.6361694931983948 -0.03476126492023468
0.7022812962532043 0.4738890826702118 -0.0633758157491684
0.6825228929519653 0.3721175789833069 -0.0877668634057045
0.6686931252479553 0.2855328619480133 -0.1049298420548439
0.7835741639137268 0.6461234092712402 -0.052809324115514755
0.769128680229187 0.4876163601875305 -0.08313239365816116
0.7621803879737854 0.389790803194046 -0.10209091007709503
0.7556447982788086 0.3027574419975281 -0.11505232751369476
0.8367611169815063 0.6817309856414795 -0.07388473302125931
0.8378740549087524 0.5641500353813171 -0.10015632957220078
0.8389249444007874 0.4875030517578125 -0.10953009128570557
0.8379915952682495 0.4176477789878845 -0.11576350778341293
