0.8467928171157837 0.8863990306854248 4.870267957812757e-07
0.7475993037223816 0.8447741270065308 -0.02823890745639801
0.6758174300193787 0.7287936806678772 -0.03830346465110779
0.6311932802200317 0.6286880970001221 -0.04833810403943062
0.5810379981994629 0.5542867183685303 -0.058068741112947464
0.7012032866477966 0.5597149133682251 -0.008343449793756008
0.6520954966545105 0.43895530700683594 -0.03344588354229927
0.6246625781059265 0.3623739778995514 -0.05612431839108467
0.607674777507782 0.29044094681739807 -0.073565274477005
0.7542336583137512 0.5276355743408203 -0.01792590320110321
0.7270368337631226 0.3760249614715576 -0.038554560393095016
0.7092717885971069 0.27770647406578064 -0.060983747243881226
0.6976844072341919 0.19343912601470947 -0.07818984240293503
0.8070626854896545 0.5313149094581604 -0.033764615654945374
0.7960705757141113 0.3861196041107178 -0.05867999792098999
0.7889443635940552 0.29487159848213196 -0.07768420875072479
0.7812921404838562 0.21455678343772888 -0.09188900142908096
0.8581010699272156 0.5628299117088318 -0.05297384038567543
0.8616441488265991 0.4578418433666229 -0.07659823447465897
0.8633458614349365 0.38854047656059265 -0.08708532899618149
0.8625538349151611 0.3253527879714966 -0.09477351605892181
