0.8027726411819458 0.7863845229148865 8.478489803565026e-07
0.8596718311309814 0.6654952764511108 -0.02434886060655117
0.88863205909729 0.5341392159461975 -0.04360398277640343
0.908978283405304 0.4112650454044342 -0.060668520629405975
0.93642258644104 0.32097458839416504 -0.0783512070775032
0.772309422492981 0.4332232177257538 -0.035724349319934845
0.758736789226532 0.27878886461257935 -0.05874260142445564
0.7433984875679016 0.18395516276359558 -0.07843463867902756
0.7282597422599792 0.10590219497680664 -0.09293307363986969
0.7117365002632141 0.45559361577033997 -0.03853194788098335
0.6817001104354858 0.29637616872787476 -0.05773301422595978
0.6539831161499023 0.19176524877548218 -0.0756910964846611
0.6295555830001831 0.1079273521900177 -0.09018673002719879
0.6667613387107849 0.5001013875007629 -0.04259832575917244
0.6296065449714661 0.35664865374565125 -0.05978431552648544
0.6023892164230347 0.26001930236816406 -0.07614260911941528
0.5818255543708801 0.1842639148235321 -0.08900724351406097
0.6345666646957397 0.5573321580886841 -0.04827560856938362
0.5971297025680542 0.45600444078445435 -0.06598346680402756
0.5706629753112793 0.3894760310649872 -0.07506127655506134
0.5492126941680908 0.3328670263290405 -0.08029892295598984
