0.5883954763412476 0.4502353072166443 8.112970704132749e-07
0.6223858594894409 0.5184046030044556 -0.05951804667711258
0.6804263591766357 0.576798677444458 -0.0972905084490776
0.7271630167961121 0.6532220244407654 -0.12961126863956451
0.7613695859909058 0.7236273288726807 -0.16307082772254944
0.7935598492622375 0.46466967463493347 -0.0850948914885521
0.8980476260185242 0.4629751443862915 -0.1281903088092804
0.9635270237922668 0.4588592052459717 -0.15703162550926208
1.017739176750183 0.45430007576942444 -0.17706285417079926
0.7950286269187927 0.3871486783027649 -0.08123219758272171
0.9040977954864502 0.3474017083644867 -0.1216806024312973
0.9757838249206543 0.3199366331100464 -0.15053673088550568
1.0327762365341187 0.2955237627029419 -0.17002949118614197
0.7763092517852783 0.3261384665966034 -0.08146467804908752
0.8738870024681091 0.26401692628860474 -0.1189582496881485
0.9407878518104553 0.22438935935497284 -0.14612750709056854
0.996383011341095 0.1948939859867096 -0.16355815529823303
0.7421078681945801 0.2817780077457428 -0.08593731373548508
0.8015707731246948 0.21002855896949768 -0.12103297561407089
0.8400874137878418 0.16104739904403687 -0.1398470252752304
0.874028742313385 0.122184157371521 -0.15045645833015442
