0.8854383230209351 0.43889400362968445 5.899626103200717e-07
0.8636280298233032 0.5467280149459839 -0.03965857997536659
0.8170424699783325 0.6565712690353394 -0.06466145068407059
0.7785156965255737 0.7379531264305115 -0.08547474443912506
0.7643452882766724 0.8045241832733154 -0.10639605671167374
0.6749288439750671 0.5746923089027405 -0.04607006162405014
0.5827540755271912 0.6200714707374573 -0.07419832795858383
0.5251452326774597 0.6418604254722595 -0.09692800790071487
0.4779207706451416 0.6549887657165527 -0.11291439086198807
0.6596808433532715 0.5100141763687134 -0.046780675649642944
0.5547122955322266 0.53412926197052 -0.06833530217409134
0.4896920919418335 0.5512405633926392 -0.08644070476293564
0.43763887882232666 0.5621552467346191 -0.10026190429925919
0.6650630831718445 0.4486571252346039 -0.052042145282030106
0.5672369599342346 0.45855408906936646 -0.07202678918838501
0.5078859329223633 0.4719194173812866 -0.08821506053209305
0.46125537157058716 0.4848153293132782 -0.10058259218931198
0.6855676770210266 0.3876659572124481 -0.061031926423311234
0.6157475709915161 0.37594377994537354 -0.07856324315071106
0.5695787072181702 0.37703606486320496 -0.08692798763513565
0.5296714305877686 0.38164764642715454 -0.0929248109459877
