0.9434521198272705 0.5708020925521851 6.0133345414215e-07
0.8733913898468018 0.6130539774894714 -0.022032730281352997
0.7937735319137573 0.6121647357940674 -0.039876651018857956
0.7301976084709167 0.6200404763221741 -0.057235803455114365
0.6828901767730713 0.654278576374054 -0.0752447322010994
0.7390111684799194 0.46587905287742615 -0.021998632699251175
0.6681643724441528 0.39422714710235596 -0.04580242186784744
0.6271475553512573 0.340861439704895 -0.06684538722038269
0.5977588295936584 0.29296332597732544 -0.08110737800598145
0.7586535215377808 0.4084426164627075 -0.027709955349564552
0.6885759830474854 0.321266233921051 -0.0459577739238739
0.6492930054664612 0.26220259070396423 -0.062398117035627365
0.6214070320129395 0.2095150649547577 -0.07424930483102798
0.7893918752670288 0.3660673201084137 -0.036601122468709946
0.7278702259063721 0.2778316140174866 -0.05259176716208458
0.691020131111145 0.22034791111946106 -0.06240284442901611
0.6627672910690308 0.1704380214214325 -0.06950365751981735
0.829540491104126 0.3377866744995117 -0.04789835587143898
0.791768491268158 0.2566930055618286 -0.05846000835299492
0.7662376165390015 0.2047843039035797 -0.059621263295412064
0.7445278167724609 0.1596175730228424 -0.059999801218509674
