0.49471572041511536 0.6623596549034119 1.6147419046319555e-07
0.4588620662689209 0.6597145795822144 -0.03212158754467964
0.41096019744873047 0.6529966592788696 -0.06946583092212677
0.3620128631591797 0.6638861298561096 -0.10678470879793167
0.3220127820968628 0.6815633177757263 -0.14759768545627594
0.4780803620815277 0.5772873163223267 -0.0592203326523304
0.4857845902442932 0.61711585521698 -0.09566202759742737
0.4877997040748596 0.6561574935913086 -0.12683211266994476
0.4860727787017822 0.6974474191665649 -0.14643947780132294
0.5244796276092529 0.5970166325569153 -0.06229821965098381
0.5429508090019226 0.6310500502586365 -0.08998549729585648
0.5507169365882874 0.6721157431602478 -0.11000940203666687
0.551859438419342 0.7140401601791382 -0.1247938722372055
0.5598405599594116 0.62410968542099 -0.06725385040044785
0.5820882320404053 0.6493632197380066 -0.09074515849351883
0.5927222371101379 0.6857067942619324 -0.10101868957281113
0.594632625579834 0.7236232161521912 -0.10676242411136627
0.5852028727531433 0.6544058918952942 -0.074871726334095
0.6038638949394226 0.6764048933982849 -0.08864986896514893
0.6147083640098572 0.7062928676605225 -0.08801569044589996
0.6187857389450073 0.7376121878623962 -0.0868121087551117
