0.5831078886985779 0.5348960161209106 6.175762337079505e-07
0.6357378959655762 0.6282955408096313 -0.024845117703080177
0.721477746963501 0.6893388032913208 -0.03796563297510147
0.7825056910514832 0.7546858191490173 -0.05234096571803093
0.8154053688049316 0.8272855281829834 -0.06751883774995804
0.8410699963569641 0.5987161993980408 -0.015584019012749195
0.9368941187858582 0.6040492653846741 -0.04131980985403061
0.9976192712783813 0.6095026135444641 -0.06389766186475754
1.046527624130249 0.6169284582138062 -0.08007705956697464
0.844734251499176 0.5325241088867188 -0.023718105629086494
0.9511374831199646 0.5359524488449097 -0.045447759330272675
1.0168309211730957 0.5442638397216797 -0.06500522047281265
1.068674087524414 0.5552194714546204 -0.07878000289201736
0.8296924829483032 0.47242307662963867 -0.03654731437563896
0.9319998621940613 0.4615413546562195 -0.056486889719963074
0.9966551065444946 0.46434688568115234 -0.07037920504808426
1.0492689609527588 0.4746731221675873 -0.08019258826971054
0.7975717782974243 0.41405603289604187 -0.05280161648988724
0.8746403455734253 0.38972318172454834 -0.07033593952655792
0.929650068283081 0.3844159245491028 -0.07703236490488052
0.9819759726524353 0.3890864849090576 -0.08122587949037552
