0.9472521543502808 0.9317393898963928 6.300184054452984e-07
0.9633257985115051 0.7924647927284241 -0.01282036304473877
0.9499415159225464 0.6610254645347595 -0.027216045185923576
0.9355805516242981 0.5500922203063965 -0.044963255524635315
0.9390766024589539 0.45544135570526123 -0.06393402814865112
0.825246274471283 0.6137202978134155 -0.007947714999318123
0.7635645866394043 0.4861292541027069 -0.03235327824950218
0.729804277420044 0.4077991247177124 -0.05449876934289932
0.701805591583252 0.3403252363204956 -0.0701427310705185
0.7877288460731506 0.6489278078079224 -0.021127566695213318
0.7118443250656128 0.5185123085975647 -0.04189569503068924
0.6664451360702515 0.4345078766345978 -0.06303201615810394
0.6305374503135681 0.36598026752471924 -0.07855278253555298
0.7602658271789551 0.7037479281425476 -0.03724825382232666
0.6776714324951172 0.5854755640029907 -0.056458353996276855
0.6301629543304443 0.5061527490615845 -0.07283029705286026
0.5943374633789062 0.4387604296207428 -0.0843820795416832
0.7408422231674194 0.7731603980064392 -0.054871466010808945
0.6704975962638855 0.6892109513282776 -0.07208066433668137
0.6260595321655273 0.6262730956077576 -0.07994323968887329
0.5904874205589294 0.5667899250984192 -0.08455813676118851
