0.5017281770706177 0.6469364762306213 8.644975650895503e-07
0.5677186250686646 0.7018816471099854 -0.05217701569199562
0.6444390416145325 0.7317333221435547 -0.08659966289997101
0.7142637372016907 0.7663838863372803 -0.11776376515626907
0.7717623114585876 0.8142625093460083 -0.14998705685138702
0.7106593251228333 0.544242799282074 -0.06417812407016754
0.8040037155151367 0.49457982182502747 -0.1031588464975357
0.8623958230018616 0.45454856753349304 -0.13303032517433167
0.9141807556152344 0.41668835282325745 -0.15488626062870026
0.6897942423820496 0.4762091338634491 -0.06494041532278061
0.780256986618042 0.3857654631137848 -0.09961315989494324
0.8410289287567139 0.3246721625328064 -0.12742535769939423
0.8937800526618958 0.27114081382751465 -0.1478864848613739
0.6523630023002625 0.4330643117427826 -0.07032793760299683
0.7278038263320923 0.33974120020866394 -0.10454321652650833
0.7790782451629639 0.27772337198257446 -0.12970896065235138
0.8248428106307983 0.22385922074317932 -0.14635315537452698
0.6035090684890747 0.4100772440433502 -0.08010661602020264
0.6412836313247681 0.3221034109592438 -0.11334782093763351
0.6672701239585876 0.2578810155391693 -0.13058841228485107
0.6932111382484436 0.19940629601478577 -0.14083927869796753
