0.8519976139068604 0.5932105779647827 6.8556579435608e-07
0.7894119620323181 0.682332456111908 -0.023854758590459824
0.7049892544746399 0.731446385383606 -0.04575829952955246
0.6367340087890625 0.7654492855072021 -0.06632263213396072
0.5904282927513123 0.8147585391998291 -0.08753730356693268
0.617010235786438 0.6012594699859619 -0.03820984438061714
0.5257830023765564 0.5460754036903381 -0.06638985127210617
0.4724826216697693 0.5013478398323059 -0.08845528215169907
0.4324899911880493 0.45866072177886963 -0.10278957337141037
0.6283851265907288 0.5358302593231201 -0.046330276876688004
0.5248521566390991 0.4719960689544678 -0.06602198630571365
0.4607769250869751 0.42639490962028503 -0.08109799772500992
0.4107828140258789 0.3848314881324768 -0.0927467793226242
0.654810905456543 0.4820544123649597 -0.057162217795848846
0.5554404258728027 0.42035937309265137 -0.07445194572210312
0.49243393540382385 0.3815820515155792 -0.0857149139046669
0.4428875148296356 0.35048532485961914 -0.09445732831954956
0.6914451122283936 0.4357057213783264 -0.07035922259092331
0.6178770661354065 0.38555270433425903 -0.08469817042350769
0.5669986009597778 0.3562456965446472 -0.0891227126121521
0.5228230953216553 0.3331993520259857 -0.09184979647397995
