0.5732300281524658 0.47397381067276 8.090628398349509e-07
0.5952059030532837 0.5586010217666626 -0.08033635467290878
0.6384671926498413 0.6320288181304932 -0.13510197401046753
0.6767802834510803 0.7080917954444885 -0.17977724969387054
0.6996403336524963 0.7938209176063538 -0.22623947262763977
0.7479032278060913 0.5235323309898376 -0.12065047770738602
0.8296299576759338 0.536460280418396 -0.17517384886741638
0.8843563795089722 0.5409398078918457 -0.21258923411369324
0.9270408749580383 0.5448834896087646 -0.2377413511276245
0.7580651640892029 0.44939079880714417 -0.10711827129125595
0.851455569267273 0.43799033761024475 -0.1553468406200409
0.9101643562316895 0.42983052134513855 -0.18325072526931763
0.9550082087516785 0.4196203052997589 -0.2032090276479721
0.7504653930664062 0.38714534044265747 -0.09897315502166748
0.8398252725601196 0.3551930785179138 -0.14000670611858368
0.8969051241874695 0.3348245322704315 -0.16213105618953705
0.9409873485565186 0.31746721267700195 -0.17695295810699463
0.729354977607727 0.3383437991142273 -0.09696175903081894
0.7924930453300476 0.27965906262397766 -0.13149696588516235
0.8359676003456116 0.23491114377975464 -0.14951767027378082
0.8723750114440918 0.19555029273033142 -0.16164933145046234
