0.5344178080558777 0.6958613991737366 5.29240651303553e-07
0.60703045129776 0.6419593691825867 -0.027200011536478996
0.661277711391449 0.5469767451286316 -0.030852453783154488
0.6994364857673645 0.4639545679092407 -0.033845048397779465
0.7238363027572632 0.3972700238227844 -0.0353713259100914
0.62195885181427 0.4132196605205536 0.005202528554946184
0.6533907055854797 0.31218433380126953 -0.005519394297152758
0.6688612699508667 0.25032156705856323 -0.01954665221273899
0.6801828742027283 0.19790855050086975 -0.03046642616391182
0.5795301795005798 0.39880767464637756 0.005745901260524988
0.5985860824584961 0.2861177325248718 -0.0014630433870479465
0.6093270778656006 0.21159233152866364 -0.015549266710877419
0.6172789931297302 0.14932015538215637 -0.026506654918193817
0.5374054908752441 0.4090079367160797 0.0003050048544537276
0.5453023314476013 0.301067590713501 -0.011433209292590618
0.5509786605834961 0.23319216072559357 -0.026862656697630882
0.5569486021995544 0.1767847239971161 -0.03816559165716171
0.49595704674720764 0.43851596117019653 -0.008595856837928295
0.4823140799999237 0.3656237721443176 -0.02366727590560913
0.4722568690776825 0.3140707015991211 -0.03351724520325661
0.46490493416786194 0.26628607511520386 -0.039691001176834106
