0.9451061487197876 0.8540529012680054 5.057905241301341e-07
0.839288592338562 0.8024362325668335 0.02079284004867077
0.7590277194976807 0.7098997831344604 0.017840305343270302
0.7018909454345703 0.629107654094696 0.012257943861186504
0.6547042727470398 0.5639103055000305 0.006160673685371876
0.77569180727005 0.5992699265480042 -0.02800070308148861
0.711769163608551 0.44125521183013916 -0.045272115617990494
0.6745614409446716 0.35202670097351074 -0.047707319259643555
0.6488456726074219 0.2867656946182251 -0.04514211416244507
0.8328354358673096 0.5621139407157898 -0.046744100749492645
0.7825860381126404 0.36898088455200195 -0.06786592304706573
0.7499368786811829 0.2651410400867462 -0.06970225274562836
0.7295709252357483 0.1943233609199524 -0.06620630621910095
0.8946875929832458 0.5475122928619385 -0.060605913400650024
0.8586812615394592 0.3559720814228058 -0.0761389285326004
0.8343751430511475 0.264609694480896 -0.0711134597659111
0.815278172492981 0.20282873511314392 -0.06317637115716934
0.9588870406150818 0.5553392171859741 -0.07034917175769806
0.9414277672767639 0.40920302271842957 -0.07242536544799805
0.9296194911003113 0.34333181381225586 -0.05727052688598633
0.918003499507904 0.30287113785743713 -0.04225798323750496
