0.785710871219635 0.8515257835388184 8.117198717627616e-07
0.8470441102981567 0.7338600158691406 -0.02832978032529354
0.870037853717804 0.6049447655677795 -0.04670390859246254
0.8741627931594849 0.4849010705947876 -0.060945652425289154
0.895346462726593 0.39094769954681396 -0.07428108155727386
0.7479883432388306 0.512493908405304 -0.030878430232405663
0.7297126054763794 0.36583906412124634 -0.045604877173900604
0.7115023136138916 0.2792642414569855 -0.0588749423623085
0.6940335631370544 0.21134033799171448 -0.06937211751937866
0.6893165111541748 0.5396783351898193 -0.027001291513442993
0.6611776351928711 0.3903076648712158 -0.039973121136426926
0.6347731351852417 0.29465675354003906 -0.05344533547759056
0.6118393540382385 0.22178614139556885 -0.06443667411804199
0.6501302719116211 0.5832947492599487 -0.024697834625840187
0.6147760152816772 0.44909369945526123 -0.03708549216389656
0.589583158493042 0.36178824305534363 -0.051469575613737106
0.5697413086891174 0.2938450872898102 -0.06289131194353104
0.6269139647483826 0.632196307182312 -0.024229297414422035
0.5918033719062805 0.536960244178772 -0.038687512278556824
0.567186713218689 0.47614964842796326 -0.04836220294237137
0.5462933778762817 0.4233139753341675 -0.05419306084513664
