0.7133115530014038 0.8271374702453613 4.5952702976137516e-07
0.6206719875335693 0.7928351163864136 -0.022011637687683105
0.5456070899963379 0.69475919008255 -0.03204214200377464
0.49493300914764404 0.6202971339225769 -0.04282348230481148
0.44126373529434204 0.5709099769592285 -0.054849375039339066
0.5677069425582886 0.5122284293174744 -0.008739203214645386
0.518182635307312 0.40324750542640686 -0.03076351061463356
0.4903571307659149 0.3325175344944 -0.052103739231824875
0.4721825122833252 0.2654724717140198 -0.0686768963932991
0.6172760725021362 0.47938328981399536 -0.021308179944753647
0.5924545526504517 0.3345240354537964 -0.038986098021268845
0.5744882822036743 0.23998528718948364 -0.059605922549963
0.5601719617843628 0.15813615918159485 -0.07605604082345963
0.6679777503013611 0.4799739122390747 -0.039151571691036224
0.6611920595169067 0.33281636238098145 -0.06115537881851196
0.6548025012016296 0.2403932511806488 -0.07963208109140396
0.6470277905464172 0.15936589241027832 -0.09354186803102493
0.7150318026542664 0.5072113275527954 -0.059668175876140594
0.7173957228660583 0.38888874650001526 -0.08000307530164719
0.7218157649040222 0.3122095465660095 -0.08880160003900528
0.7241317629814148 0.24289286136627197 -0.09563446044921875
