0.5702999830245972 0.5037294626235962 7.000632535891782e-07
0.6113600730895996 0.5808855295181274 -0.04205721244215965
0.6873379349708557 0.6266716122627258 -0.06194773316383362
0.7553364038467407 0.6699475049972534 -0.0780218094587326
0.7987585067749023 0.7294890880584717 -0.09371520578861237
0.7993808388710022 0.5403745770454407 -0.0383773036301136
0.8937042951583862 0.5547254085540771 -0.06732958555221558
0.9566429853439331 0.5577483773231506 -0.09086690843105316
1.0087933540344238 0.5584954023361206 -0.10744757205247879
0.8018956184387207 0.4778493642807007 -0.03760707750916481
0.903369128704071 0.4860510230064392 -0.062458161264657974
0.9720804691314697 0.4928249418735504 -0.08222439140081406
1.0272107124328613 0.500674307346344 -0.09569304436445236
0.785406768321991 0.4221559762954712 -0.04202667996287346
0.8835526704788208 0.41949185729026794 -0.0668942779302597
0.9481221437454224 0.4264310896396637 -0.08347046375274658
0.99888014793396 0.4397571086883545 -0.0937078595161438
0.7522721290588379 0.3687068223953247 -0.05055301636457443
0.8254837393760681 0.34276309609413147 -0.07470793277025223
0.875948429107666 0.33430394530296326 -0.08570779114961624
0.9198598265647888 0.3347732424736023 -0.09135892242193222
