0.9620054960250854 0.5464101433753967 5.473324904414767e-07
0.9034532904624939 0.5986455678939819 -0.028660478070378304
0.8366370797157288 0.6313437223434448 -0.054335396736860275
0.7826544046401978 0.6665353775024414 -0.0788939893245697
0.7450966835021973 0.7157520055770874 -0.10479407012462616
0.7793732285499573 0.47937822341918945 -0.04032063111662865
0.6980218291282654 0.4426601827144623 -0.06755136698484421
0.6493740677833557 0.4170868992805481 -0.08946408331394196
0.6095759868621826 0.3927479684352875 -0.104917973279953
0.7985295057296753 0.4204255938529968 -0.046995967626571655
0.7161144018173218 0.35634416341781616 -0.0686132162809372
0.6623234748840332 0.3166949152946472 -0.08776025474071503
0.6187794208526611 0.2826019525527954 -0.10248865187168121
0.8315948247909546 0.37653765082359314 -0.05658216401934624
0.7624647617340088 0.3028908371925354 -0.07633589953184128
0.7160025835037231 0.2644556760787964 -0.09121936559677124
0.6750355958938599 0.23668555915355682 -0.10239586234092712
0.874569833278656 0.3427903950214386 -0.06860234588384628
0.8362388610839844 0.26711809635162354 -0.08375676721334457
0.8058729767799377 0.22427919507026672 -0.08924537152051926
0.7749952673912048 0.1897430121898651 -0.09326659142971039
