0.4928499162197113 0.6951696276664734 1.5613134962677577e-07
0.4320125877857208 0.6752122044563293 -0.061512865126132965
0.38040271401405334 0.6295073628425598 -0.10366181284189224
0.3388626277446747 0.5949712991714478 -0.13693460822105408
0.3082076609134674 0.5710514783859253 -0.17200703918933868
0.43852531909942627 0.6283621191978455 -0.1275518536567688
0.43074890971183777 0.5863677263259888 -0.17196083068847656
0.4174286425113678 0.5603241324424744 -0.20048172771930695
0.4106312692165375 0.5292279124259949 -0.2211640477180481
0.5070930123329163 0.6151551008224487 -0.11649057269096375
0.5172229409217834 0.5553860664367676 -0.16394934058189392
0.5251424312591553 0.5056414008140564 -0.19654950499534607
0.5414903163909912 0.46287691593170166 -0.2264094203710556
0.5627691149711609 0.6096012592315674 -0.10422506928443909
0.5947551727294922 0.5601209402084351 -0.14608421921730042
0.6172465682029724 0.5227524042129517 -0.16955628991127014
0.6414282321929932 0.49850133061408997 -0.18861790001392365
0.6032191514968872 0.6119990348815918 -0.0948866531252861
0.6444741487503052 0.5611793994903564 -0.12338322401046753
0.677215576171875 0.5215009450912476 -0.13784421980381012
0.7091352343559265 0.49167880415916443 -0.15296150743961334
