0.5186583399772644 0.6943603157997131 6.737011517543579e-07
0.5959230065345764 0.7246644496917725 -0.044252339750528336
0.6801173686981201 0.7231951951980591 -0.07388655096292496
0.7557393908500671 0.7309405207633972 -0.10163046419620514
0.8173846006393433 0.7552852630615234 -0.13042216002941132
0.706036388874054 0.5217849612236023 -0.05633537843823433
0.7776482105255127 0.42929530143737793 -0.0921485498547554
0.8187189102172852 0.3639564514160156 -0.11935669183731079
0.8537040948867798 0.30542367696762085 -0.1394273340702057
0.6729406118392944 0.46530550718307495 -0.060926150530576706
0.7388706803321838 0.33159005641937256 -0.09356275200843811
0.7794772982597351 0.24477946758270264 -0.11937081068754196
0.8120211362838745 0.17093104124069214 -0.1377960443496704
0.6290754675865173 0.4384631812572479 -0.06949130445718765
0.6794684529304504 0.30939364433288574 -0.10166825354099274
0.7108036279678345 0.22428390383720398 -0.12550568580627441
0.737717866897583 0.15169328451156616 -0.14087405800819397
0.5779455900192261 0.4347430467605591 -0.08185576647520065
0.5893949270248413 0.3260713815689087 -0.11345129460096359
0.5957922339439392 0.2511668801307678 -0.1294686496257782
0.6032969951629639 0.18363085389137268 -0.1384309083223343
