0.9523507356643677 0.5381816625595093 3.0427884212258505e-07
0.8911048769950867 0.5962352752685547 -0.017805082723498344
0.8209344148635864 0.6337881684303284 -0.03604045510292053
0.7746300101280212 0.6761656403541565 -0.05572289228439331
0.7477052807807922 0.7268079519271851 -0.07630585879087448
0.7545041441917419 0.5008219480514526 -0.016630612313747406
0.6694163084030151 0.4620617628097534 -0.03383838012814522
0.6204612255096436 0.4418347179889679 -0.04980320855975151
0.5842511653900146 0.42744922637939453 -0.06162456050515175
0.7646291255950928 0.44682303071022034 -0.024480249732732773
0.6746606826782227 0.39597442746162415 -0.037283699959516525
0.6211280822753906 0.37543877959251404 -0.051965150982141495
0.5824744701385498 0.36316022276878357 -0.06388109177350998
0.7877923250198364 0.4018017649650574 -0.03523844853043556
0.7053694725036621 0.34048113226890564 -0.04492319002747536
0.6574892997741699 0.3167247772216797 -0.056373436003923416
0.6216195821762085 0.3059409260749817 -0.06607692688703537
0.8220810294151306 0.36191561818122864 -0.04808468744158745
0.7722971439361572 0.2995786666870117 -0.054258279502391815
0.7375463843345642 0.26611363887786865 -0.056967440992593765
0.7064923048019409 0.24358192086219788 -0.059724390506744385
