0.5077804923057556 0.6403164863586426 8.33252045140398e-07
0.5738197565078735 0.6979769468307495 -0.04513203725218773
0.6529700756072998 0.7349711656570435 -0.07688087224960327
0.7250869870185852 0.7789037227630615 -0.10580320656299591
0.7825675010681152 0.824608564376831 -0.13572615385055542
0.73758864402771 0.5576444268226624 -0.05283483862876892
0.8360365629196167 0.5154035091400146 -0.08715304732322693
0.8975114226341248 0.48142027854919434 -0.1151617020368576
0.947935938835144 0.4532962143421173 -0.13499832153320312
0.7201441526412964 0.4895763099193573 -0.05296149104833603
0.81871098279953 0.4313090145587921 -0.08244180679321289
0.8838374614715576 0.3903624415397644 -0.10821007937192917
0.9354214072227478 0.3585982322692871 -0.12706999480724335
0.6851072907447815 0.43977606296539307 -0.0571376271545887
0.7711758017539978 0.36620283126831055 -0.08319015055894852
0.8290486931800842 0.31822454929351807 -0.10437394678592682
0.8764598369598389 0.28268468379974365 -0.11913695186376572
0.6371333003044128 0.4041733145713806 -0.06525471806526184
0.6919386386871338 0.32572853565216064 -0.08981196582317352
0.7298130989074707 0.267927348613739 -0.10333050042390823
0.763245165348053 0.2213708758354187 -0.11109336465597153
