0.5493654608726501 0.8964747190475464 3.9528728734694596e-07
0.620352029800415 0.8296374082565308 -0.02527235448360443
0.6740469336509705 0.7093176245689392 -0.030026396736502647
0.7106822729110718 0.6104207038879395 -0.03497055172920227
0.7273566722869873 0.536212682723999 -0.03981746360659599
0.6250900030136108 0.5714226961135864 -0.00759116793051362
0.6500331163406372 0.4522777795791626 -0.0274879802018404
0.6591452360153198 0.3778957724571228 -0.04651110619306564
0.6623008251190186 0.3156788647174835 -0.06069490313529968
0.5762835144996643 0.5595967769622803 -0.013248457573354244
0.5791310667991638 0.4247523844242096 -0.030584897845983505
0.5763381123542786 0.33926859498023987 -0.049497686326503754
0.5688742399215698 0.27035772800445557 -0.06341102719306946
0.5293688774108887 0.5758647322654724 -0.02400245890021324
0.5196719169616699 0.4492427706718445 -0.044271133840084076
0.5127369165420532 0.37043827772140503 -0.06178301200270653
0.5039997100830078 0.30438733100891113 -0.0740523710846901
0.48388221859931946 0.6149213314056396 -0.037724461406469345
0.4548876881599426 0.5254437923431396 -0.06040705740451813
0.43571600317955017 0.4644678235054016 -0.07223684340715408
0.4185497462749481 0.40739285945892334 -0.07920797169208527
