0.7993402481079102 0.7529183626174927 4.1134060779768333e-07
0.7782225012779236 0.6227771043777466 0.057439327239990234
0.7426318526268005 0.4979415535926819 0.07534316182136536
0.7113779783248901 0.4148467779159546 0.07817747443914413
0.6804646253585815 0.3551042675971985 0.07571274787187576
0.7405259609222412 0.4450940191745758 0.038385115563869476
0.6937236189842224 0.30971333384513855 0.024185238406062126
0.6649308204650879 0.21241813898086548 0.012648148462176323
0.6415958404541016 0.13266277313232422 0.004103533457964659
0.732987642288208 0.44280901551246643 -0.007409477606415749
0.6848850846290588 0.27856606245040894 -0.026732701808214188
0.6553711891174316 0.16443946957588196 -0.04434403032064438
0.6348111629486084 0.07175993919372559 -0.05781741812825203
0.7102161049842834 0.46436938643455505 -0.05011598765850067
0.6658334136009216 0.3040194809436798 -0.06773488968610764
0.6416001319885254 0.1917990744113922 -0.08377537876367569
0.6292598247528076 0.10080423951148987 -0.09705758094787598
0.6700336933135986 0.5042883157730103 -0.08755207806825638
0.6232537031173706 0.3921170234680176 -0.1047503873705864
0.6062934398651123 0.30989301204681396 -0.11403799802064896
0.599764883518219 0.23811283707618713 -0.1223875880241394
