1.0393450260162354 0.5139968395233154 5.609355184788001e-07
0.9749952554702759 0.567436695098877 -0.03554953634738922
0.8937188982963562 0.5921489000320435 -0.05906616896390915
0.8243277072906494 0.6148804426193237 -0.07954800128936768
0.7742623090744019 0.6567201614379883 -0.10013402998447418
0.826999843120575 0.43181413412094116 -0.035688892006874084
0.7399672865867615 0.3917216956615448 -0.06141424924135208
0.6866174340248108 0.36319515109062195 -0.08337714523077011
0.643216073513031 0.3346303105354309 -0.09915025532245636
0.8451130390167236 0.3700115382671356 -0.037619322538375854
0.7593460083007812 0.29954659938812256 -0.057823169976472855
0.7044620513916016 0.25533196330070496 -0.07654719799757004
0.6605625152587891 0.21749910712242126 -0.0905156210064888
0.8787028789520264 0.32645490765571594 -0.04380599036812782
0.8053023219108582 0.2532121241092682 -0.06469105184078217
0.755979061126709 0.21249493956565857 -0.08148739486932755
0.7141774892807007 0.18119359016418457 -0.09334401041269302
0.9232325553894043 0.295561820268631 -0.053137123584747314
0.8825978636741638 0.22028300166130066 -0.07100518047809601
0.8513700366020203 0.1745886355638504 -0.07950341701507568
0.8218683004379272 0.1349673867225647 -0.08507075905799866
