0.5451149940490723 0.5387797355651855 8.428450541941856e-07
0.5783965587615967 0.6181731224060059 -0.05585867911577225
0.629463791847229 0.6886849403381348 -0.09520085155963898
0.6716808080673218 0.7714402079582214 -0.1299375593662262
0.7022150754928589 0.8518160581588745 -0.16637985408306122
0.7483896613121033 0.5638002753257751 -0.07232167571783066
0.8421629667282104 0.5683952569961548 -0.11170506477355957
0.9024753570556641 0.5637983679771423 -0.1416647732257843
0.9525392651557922 0.5599486231803894 -0.1628669798374176
0.7510964274406433 0.48428109288215637 -0.06818407028913498
0.8444227576255798 0.45576709508895874 -0.10107956826686859
0.9028416872024536 0.43729227781295776 -0.12624692916870117
0.9494155049324036 0.4214276075363159 -0.14481832087039948
0.7314615249633789 0.4203531742095947 -0.06838315725326538
0.8132323622703552 0.3752550184726715 -0.09578398615121841
0.8690828084945679 0.34829121828079224 -0.11461193114519119
0.9164443612098694 0.3275660276412964 -0.12798520922660828
0.6963814496994019 0.37132006883621216 -0.07346606999635696
0.753537118434906 0.3163893222808838 -0.09698665142059326
0.7967531681060791 0.27964597940444946 -0.10827264934778214
0.8351955413818359 0.2497411072254181 -0.1150214895606041
