0.8774509429931641 0.5054481625556946 5.109828862259747e-07
0.8297055959701538 0.6189517974853516 -0.02054768055677414
0.7522717714309692 0.7060851454734802 -0.03415124863386154
0.6959570050239563 0.7697036862373352 -0.04627950116991997
0.6723157167434692 0.8373864889144897 -0.0596330463886261
0.6584420800209045 0.6002709865570068 -0.03279341012239456
0.549394428730011 0.6169402003288269 -0.0570552796125412
0.48460909724235535 0.6204160451889038 -0.07395648211240768
0.4344523847103119 0.6178551316261292 -0.08496244996786118
0.6511791348457336 0.5318857431411743 -0.03961816430091858
0.5290982723236084 0.5432671308517456 -0.0589827299118042
0.455279678106308 0.5483657717704773 -0.07342195510864258
0.39868268370628357 0.5496953725814819 -0.08380817621946335
0.6611037850379944 0.4710156321525574 -0.04878373071551323
0.547309398651123 0.47765278816223145 -0.06739649176597595
0.48061275482177734 0.4839906096458435 -0.08181249350309372
0.42919784784317017 0.49059417843818665 -0.09221610426902771
0.6836029291152954 0.41229668259620667 -0.059467971324920654
0.6052152514457703 0.3982970714569092 -0.07668877393007278
0.5536845326423645 0.396589994430542 -0.08507294207811356
0.5091988444328308 0.3992289900779724 -0.0905790701508522
