0.2987052798271179 0.5885803699493408 -3.4165154261245334e-07
0.35543620586395264 0.5031457543373108 -0.028694547712802887
0.3998204469680786 0.40243959426879883 -0.042358335107564926
0.417533278465271 0.3122802972793579 -0.05479567497968674
0.4448608160018921 0.25601837038993835 -0.0621572844684124
0.29975107312202454 0.35659050941467285 -0.01587725430727005
0.252640038728714 0.3089846074581146 -0.04905865341424942
0.2772201597690582 0.36439740657806396 -0.06564775854349136
0.3026620149612427 0.39875438809394836 -0.07089926302433014
0.2577124536037445 0.38957664370536804 -0.012835539877414703
0.21409744024276733 0.3499332070350647 -0.046030525118112564
0.24935542047023773 0.40709948539733887 -0.051795389503240585
0.27721235156059265 0.43068909645080566 -0.04907359182834625
0.22495335340499878 0.4232206344604492 -0.015889514237642288
0.18720993399620056 0.39387431740760803 -0.04587026685476303
0.22257208824157715 0.44027775526046753 -0.03618410602211952
0.2539968192577362 0.4590190351009369 -0.022574374452233315
0.2005256712436676 0.46147146821022034 -0.022138357162475586
0.16851481795310974 0.43937066197395325 -0.03789031133055687
0.19864875078201294 0.46810540556907654 -0.028949148952960968
0.22900345921516418 0.4807901084423065 -0.017467807978391647
