0.5374165773391724 0.6222869157791138 6.781888259865809e-07
0.605414628982544 0.6893337965011597 -0.04599028825759888
0.6923611760139465 0.7347654104232788 -0.07456505298614502
0.7636029124259949 0.7871197462081909 -0.10180879384279251
0.8154815435409546 0.8507723808288574 -0.13071288168430328
0.7802950143814087 0.568583071231842 -0.04774199426174164
0.8795045018196106 0.5376825332641602 -0.08357764035463333
0.9421564936637878 0.5123730301856995 -0.11312880367040634
0.996879518032074 0.4886910319328308 -0.13513612747192383
0.7679086923599243 0.4962826371192932 -0.05106585845351219
0.8650351762771606 0.42843207716941833 -0.08350187540054321
0.9288056492805481 0.38015997409820557 -0.11138831824064255
0.9820305109024048 0.3379075527191162 -0.13145756721496582
0.7361095547676086 0.4433862268924713 -0.059500131756067276
0.8239260911941528 0.3663371205329895 -0.09055787324905396
0.8858706951141357 0.3131781220436096 -0.11436448991298676
0.9411829710006714 0.2678803503513336 -0.13051868975162506
0.6885449290275574 0.4064468741416931 -0.07233437150716782
0.7395150661468506 0.324998676776886 -0.10256601870059967
0.7780608534812927 0.26803550124168396 -0.11778327077627182
0.815191388130188 0.21822777390480042 -0.12666532397270203
