0.9610756635665894 0.5428276658058167 7.345440735662123e-07
0.9097487926483154 0.5970516204833984 -0.038809794932603836
0.8461964130401611 0.6278586983680725 -0.06864096969366074
0.791321337223053 0.6636357307434082 -0.09449093043804169
0.7504751682281494 0.7133966684341431 -0.12120876461267471
0.7797067165374756 0.47981932759284973 -0.05492043495178223
0.7005130052566528 0.44616103172302246 -0.0860050618648529
0.6497119665145874 0.41927143931388855 -0.11028775572776794
0.6093319654464722 0.3911205530166626 -0.1275278627872467
0.7984784841537476 0.42071664333343506 -0.05820280686020851
0.7165971994400024 0.3582827150821686 -0.08393893390893936
0.6611639261245728 0.31911319494247437 -0.10402892529964447
0.6178290247917175 0.2840525507926941 -0.1188478097319603
0.8329436779022217 0.3776288628578186 -0.06501393765211105
0.7603338360786438 0.3041667342185974 -0.09090273827314377
0.7107936143875122 0.265490859746933 -0.1071595624089241
0.6693350672721863 0.23543675243854523 -0.11846207827329636
0.8779158592224121 0.3451933264732361 -0.0746181458234787
0.8373277187347412 0.2704721987247467 -0.09898468106985092
0.804931640625 0.2267846316099167 -0.10823222994804382
0.7740879058837891 0.1911545693874359 -0.11344699561595917
