0.5738461017608643 0.5587778687477112 5.020997377869207e-07
0.6387077569961548 0.6348162889480591 -0.02674594521522522
0.7300580143928528 0.6726775765419006 -0.040938422083854675
0.8024123907089233 0.711640477180481 -0.05633457750082016
0.8538805246353149 0.7552987337112427 -0.07272323966026306
0.8303645253181458 0.5471810102462769 -0.01489795371890068
0.9243630170822144 0.5190354585647583 -0.04411239176988602
0.9845824241638184 0.499742329120636 -0.07055233418941498
1.0335464477539062 0.4846399426460266 -0.08940960466861725
0.8230887651443481 0.4865860044956207 -0.02366022951900959
0.924623966217041 0.4493470788002014 -0.05012110620737076
0.9882187843322754 0.42383161187171936 -0.07487937808036804
1.0404877662658691 0.4053962230682373 -0.0920305848121643
0.798802375793457 0.4369033873081207 -0.0374261811375618
0.8928099870681763 0.38904333114624023 -0.06199633330106735
0.9525549411773682 0.36193811893463135 -0.07693484425544739
1.0034412145614624 0.3447880446910858 -0.08667057007551193
0.7588633298873901 0.39247405529022217 -0.05477346479892731
0.8314740061759949 0.34901976585388184 -0.07551690936088562
0.8806915283203125 0.325710654258728 -0.08224239945411682
0.9276126623153687 0.3101000189781189 -0.08571140468120575
