0.5126214027404785 0.605962872505188 9.518405477138003e-07
0.5642889738082886 0.6711332201957703 -0.054085202515125275
0.6292973756790161 0.7283011674880981 -0.09062106907367706
0.6850429773330688 0.7973134517669678 -0.12282281368970871
0.7247787714004517 0.8660041689872742 -0.15716269612312317
0.7234597206115723 0.5676062703132629 -0.06520562618970871
0.8144633769989014 0.5416198968887329 -0.10426557809114456
0.8743186593055725 0.5151569843292236 -0.13551153242588043
0.9250810146331787 0.4955788254737854 -0.1573277860879898
0.712124228477478 0.4943903386592865 -0.06266054511070251
0.8059346079826355 0.44543883204460144 -0.09669289737939835
0.8718025088310242 0.41147351264953613 -0.12549816071987152
0.9272842407226562 0.38486820459365845 -0.14594793319702148
0.6822492480278015 0.43875008821487427 -0.0646703913807869
0.7619249224662781 0.37531358003616333 -0.09472090005874634
0.8187495470046997 0.3363783061504364 -0.1176973283290863
0.8674027323722839 0.3073157072067261 -0.1327289640903473
0.6387245059013367 0.3979232907295227 -0.07130170613527298
0.6930955052375793 0.3346424102783203 -0.09672452509403229
0.7309111952781677 0.2919948995113373 -0.10909110307693481
0.7651373147964478 0.25933536887168884 -0.1159902960062027
