0.5039578080177307 0.6390842795372009 8.161335927070468e-07
0.5712504386901855 0.6976966857910156 -0.04392118379473686
0.6521362066268921 0.7365158796310425 -0.07488501071929932
0.7247657775878906 0.7793066501617432 -0.10353530198335648
0.7821263670921326 0.8262248039245605 -0.13329699635505676
0.7390887141227722 0.5556819438934326 -0.04923821613192558
0.8374718427658081 0.5115073323249817 -0.0825226679444313
0.8977035284042358 0.4755983054637909 -0.11040343344211578
0.9475783705711365 0.4448474645614624 -0.13054105639457703
0.7220750451087952 0.48768675327301025 -0.05021500587463379
0.8208396434783936 0.4273536801338196 -0.07910561561584473
0.8851683139801025 0.3845645785331726 -0.10557051002979279
0.9362968802452087 0.35063058137893677 -0.12515833973884583
0.6868194341659546 0.4379063844680786 -0.055254627019166946
0.77342689037323 0.3628237247467041 -0.08118891716003418
0.8302738666534424 0.3120906949043274 -0.10332779586315155
0.8770074844360352 0.2730097770690918 -0.11892496049404144
0.6382758021354675 0.402332067489624 -0.06415156275033951
0.6926543712615967 0.3240792155265808 -0.08843817561864853
0.7291867136955261 0.26592886447906494 -0.10206548124551773
0.7616682648658752 0.21844136714935303 -0.11011335998773575
