0.5323727130889893 0.7046988606452942 5.65720142731152e-07
0.6130285859107971 0.7105618119239807 -0.04808681458234787
0.6936918497085571 0.6788214445114136 -0.07956664264202118
0.7664766311645508 0.6577713489532471 -0.10903030633926392
0.8296072483062744 0.643792986869812 -0.14021781086921692
0.6884363889694214 0.47845157980918884 -0.06212416663765907
0.7357804775238037 0.36885470151901245 -0.1042790338397026
0.7607828378677368 0.2913813292980194 -0.13623656332492828
0.7817349433898926 0.22289222478866577 -0.1594575047492981
0.6457865834236145 0.43509039282798767 -0.06599173694849014
0.6801306009292603 0.3006672263145447 -0.10576118528842926
0.7003397345542908 0.20904314517974854 -0.13629746437072754
0.716447651386261 0.12797805666923523 -0.1581266224384308
0.5969411134719849 0.4237373173236847 -0.07452109456062317
0.6151133179664612 0.29188966751098633 -0.11266437917947769
0.626232922077179 0.20675873756408691 -0.13750897347927094
0.6367212533950806 0.13126087188720703 -0.15359854698181152
0.5457005500793457 0.43719571828842163 -0.08725311607122421
0.5433045625686646 0.3318812847137451 -0.1241946741938591
0.5380630493164062 0.25956693291664124 -0.14290320873260498
0.5345378518104553 0.19370967149734497 -0.15366938710212708
