0.5554083585739136 0.6251357793807983 3.587002481708623e-07
0.632416307926178 0.6436401009559631 -0.03166910633444786
0.7096081376075745 0.6244800090789795 -0.05305946618318558
0.7770560383796692 0.6082143187522888 -0.07285510003566742
0.8339545726776123 0.5986983180046082 -0.096178337931633
0.7487365007400513 0.5201603174209595 -0.053958356380462646
0.8094125390052795 0.44428741931915283 -0.08708105236291885
0.844470202922821 0.39230629801750183 -0.1118360310792923
0.8773873448371887 0.35022348165512085 -0.13076503574848175
0.7147347927093506 0.48784682154655457 -0.06255611032247543
0.7637988924980164 0.37343981862068176 -0.0928364172577858
0.7940974235534668 0.31032365560531616 -0.11762489378452301
0.8248405456542969 0.26067379117012024 -0.1373271346092224
0.6690939664840698 0.48021161556243896 -0.07331705093383789
0.7029247283935547 0.37341034412384033 -0.10719475895166397
0.723971426486969 0.33652985095977783 -0.12627503275871277
0.7478739619255066 0.3126872777938843 -0.1407008171081543
0.6163474321365356 0.4911636412143707 -0.08631017804145813
0.6215293407440186 0.4335959255695343 -0.12019508332014084
0.6257563233375549 0.446993350982666 -0.13187722861766815
0.6324763894081116 0.4725891053676605 -0.13912415504455566
