0.5240387320518494 0.7033476233482361 4.729916440737725e-07
0.596479594707489 0.6517478227615356 -0.02562706172466278
0.647780179977417 0.5577391982078552 -0.0308073777705431
0.6817960143089294 0.47195354104042053 -0.035530053079128265
0.704698920249939 0.4053601920604706 -0.039785075932741165
0.6071115732192993 0.4323752224445343 -0.006656645331531763
0.6390708684921265 0.3280218839645386 -0.023066071793437004
0.6536331176757812 0.26249974966049194 -0.03882284462451935
0.6625088453292847 0.20698997378349304 -0.050444312393665314
0.566084623336792 0.4179624021053314 -0.00817926786839962
0.5851463675498962 0.3006440997123718 -0.02140233665704727
0.592355489730835 0.22414687275886536 -0.03667599335312843
0.595018744468689 0.1607050597667694 -0.04786527901887894
0.5248762369155884 0.4273798167705536 -0.014496169984340668
0.5299651622772217 0.31657570600509644 -0.030355673283338547
0.5327291488647461 0.24652746319770813 -0.04509253427386284
0.534756064414978 0.1891508400440216 -0.055494051426649094
0.4832853674888611 0.45632097125053406 -0.023771893233060837
0.4676545262336731 0.3818761110305786 -0.041881754994392395
0.4568883180618286 0.3290709853172302 -0.05147330462932587
0.44757163524627686 0.2813899517059326 -0.056949857622385025
