0.5279014110565186 0.8615922927856445 5.536370508707478e-07
0.5984665751457214 0.8110857009887695 -0.035453081130981445
0.6527490615844727 0.6810078620910645 -0.03764087334275246
0.6824736595153809 0.5758537650108337 -0.03762318938970566
0.6980119347572327 0.49713823199272156 -0.035694632679224014
0.6117329001426697 0.5518274307250977 0.0003512169641908258
0.6401278972625732 0.43521976470947266 -0.012820027768611908
0.6549409627914429 0.35973256826400757 -0.027425771579146385
0.6638624668121338 0.29847046732902527 -0.03897309675812721
0.5662633776664734 0.5353071689605713 0.0022864395286887884
0.589189887046814 0.41541945934295654 -0.008957848884165287
0.602388322353363 0.33717140555381775 -0.024249473586678505
0.6125400066375732 0.27307194471359253 -0.03496222198009491
0.5207414031028748 0.5460841059684753 -0.0029720659367740154
0.5304498076438904 0.43180474638938904 -0.021005868911743164
0.5399042367935181 0.35843437910079956 -0.03638027608394623
0.5490033030509949 0.29795050621032715 -0.04646140709519386
0.47237634658813477 0.5792414546012878 -0.012496435083448887
0.44117826223373413 0.49807775020599365 -0.036210861057043076
0.41938477754592896 0.4398798942565918 -0.04887069761753082
0.4018544554710388 0.3850569725036621 -0.05566755682229996
