0.47098520398139954 0.8408446311950684 4.7435707983822795e-07
0.5245434045791626 0.7772285342216492 -0.04108384624123573
0.5541786551475525 0.6624693870544434 -0.05233055353164673
0.5666183233261108 0.5551421642303467 -0.060547396540641785
0.569061279296875 0.4636215567588806 -0.06748296320438385
0.5298449993133545 0.5217506289482117 -0.015856042504310608
0.5452663898468018 0.3991524875164032 -0.037906449288129807
0.5460448861122131 0.32262495160102844 -0.058510102331638336
0.5431897640228271 0.2565633952617645 -0.0737549364566803
0.49183526635169983 0.5177478194236755 -0.011571476235985756
0.49583935737609863 0.3847830891609192 -0.031183987855911255
0.4911958575248718 0.29688748717308044 -0.052521705627441406
0.4838782548904419 0.22413113713264465 -0.06757880747318268
0.4547920227050781 0.539954423904419 -0.013640256598591805
0.4501188397407532 0.41537588834762573 -0.03630537539720535
0.4430577754974365 0.3371170163154602 -0.05488377436995506
0.43556350469589233 0.2728367745876312 -0.06675543636083603
0.41866299510002136 0.5829878449440002 -0.019851963967084885
0.4020114541053772 0.49894005060195923 -0.043778907507658005
0.390039324760437 0.4390298128128052 -0.057174064218997955
0.3788040578365326 0.38468629121780396 -0.0648447722196579
