0.8269376754760742 0.7298691868782043 6.337971854009083e-07
0.8515047430992126 0.6076549887657166 -0.003212587907910347
0.8472650051116943 0.47586825489997864 -0.007981519214808941
0.8497231006622314 0.37236523628234863 -0.018146170303225517
0.8716102242469788 0.2922765016555786 -0.030265308916568756
0.7590962052345276 0.3572492301464081 0.008028426207602024
0.7411314845085144 0.21412311494350433 -0.016198771074414253
0.7336203455924988 0.12361577153205872 -0.039746660739183426
0.7285816669464111 0.04488503932952881 -0.05656541883945465
0.715788722038269 0.37118470668792725 -0.011435885913670063
0.6712065935134888 0.21341702342033386 -0.032186638563871384
0.6427238583564758 0.11368009448051453 -0.05333675071597099
0.6201171875 0.02586609125137329 -0.06877472996711731
0.6774884462356567 0.41112130880355835 -0.03468811511993408
0.6262457370758057 0.25770092010498047 -0.05798954889178276
0.599494218826294 0.15999090671539307 -0.07498963177204132
0.5811737775802612 0.07434812188148499 -0.08614568412303925
0.6416996717453003 0.4790607988834381 -0.05883749574422836
0.5865631699562073 0.3725140690803528 -0.07970291376113892
0.5601615905761719 0.2984052002429962 -0.08622492104768753
0.5416004657745361 0.22553354501724243 -0.08963431417942047
