0.5729199647903442 0.5128447413444519 5.210006861489092e-07
0.631942629814148 0.588853657245636 -0.02602054923772812
0.7043362855911255 0.6389811635017395 -0.04659828543663025
0.7720315456390381 0.6841408610343933 -0.06693613529205322
0.8282318711280823 0.7296145558357239 -0.08856596052646637
0.8005632162094116 0.5326854586601257 -0.027130398899316788
0.9015390872955322 0.5189042687416077 -0.056487198919057846
0.9649519920349121 0.5092413425445557 -0.08036129176616669
1.018147349357605 0.5034445524215698 -0.09681808948516846
0.8056105971336365 0.4742943346500397 -0.0346158891916275
0.9175142049789429 0.44874200224876404 -0.059605300426483154
0.987743616104126 0.4332994520664215 -0.08101949095726013
1.046003818511963 0.4232131242752075 -0.09601382166147232
0.7915984988212585 0.42031198740005493 -0.04559561610221863
0.8965552449226379 0.384986013174057 -0.06781754642724991
0.9642422199249268 0.3673897385597229 -0.0819067507982254
1.0207388401031494 0.35828226804733276 -0.0911523848772049
0.7632527351379395 0.36983805894851685 -0.05915866047143936
0.8437429070472717 0.33230119943618774 -0.07752811163663864
0.8956692218780518 0.31218576431274414 -0.08312700688838959
0.9396520853042603 0.29997968673706055 -0.08556152880191803
