0.8773211240768433 0.47146326303482056 5.210063136473764e-07
0.8513485193252563 0.578579306602478 -0.032872654497623444
0.8011331558227539 0.6821640729904175 -0.05384695902466774
0.766077995300293 0.7593284845352173 -0.07230797410011292
0.7561308741569519 0.8200724720954895 -0.09176015108823776
0.6628475785255432 0.5911465883255005 -0.03797214850783348
0.5700580477714539 0.6385061144828796 -0.06457406282424927
0.5140875577926636 0.6601830720901489 -0.08708345890045166
0.4668702483177185 0.6734402179718018 -0.1033867746591568
0.6482223868370056 0.5271437764167786 -0.04223795235157013
0.5425238609313965 0.554408073425293 -0.06292995810508728
0.4775192141532898 0.5729864239692688 -0.08244070410728455
0.4242262542247772 0.5859642028808594 -0.09753619134426117
0.6546139717102051 0.46590253710746765 -0.05057834833860397
0.5567066073417664 0.47760632634162903 -0.0695931538939476
0.4982728064060211 0.4930337071418762 -0.08679061383008957
0.45087626576423645 0.5081560611724854 -0.10007885098457336
0.6768544316291809 0.40400809049606323 -0.06216350570321083
0.6053899526596069 0.3919019103050232 -0.07888822257518768
0.5581762790679932 0.39434051513671875 -0.0873153880238533
0.5159927010536194 0.4004305899143219 -0.09361998736858368
