0.577973484992981 0.9389128684997559 6.171517270558979e-07
0.6417922973632812 0.8772228360176086 -0.02869296818971634
0.6967471837997437 0.7580545544624329 -0.03766193240880966
0.7351281642913818 0.6655876040458679 -0.04598625749349594
0.7623846530914307 0.596884548664093 -0.05397304147481918
0.6523624658584595 0.6174923181533813 -0.012932796031236649
0.688025951385498 0.49562638998031616 -0.03780089318752289
0.7087516784667969 0.41771870851516724 -0.06017197668552399
0.7240403294563293 0.35199758410453796 -0.07595893740653992
0.6138523817062378 0.6023750305175781 -0.02008923515677452
0.6410930156707764 0.46003133058547974 -0.042603254318237305
0.6566956043243408 0.3648258149623871 -0.06454802304506302
0.6669705510139465 0.28574469685554504 -0.07857298851013184
0.5722817182540894 0.6155169606208801 -0.03248918056488037
0.5855889916419983 0.47886592149734497 -0.060093849897384644
0.5957450866699219 0.38756510615348816 -0.08176450431346893
0.6034413576126099 0.30921080708503723 -0.09559248387813568
0.5278638005256653 0.6547179222106934 -0.04762827232480049
0.52592533826828 0.5710235238075256 -0.07499665766954422
0.5263208150863647 0.5352423191070557 -0.08445701748132706
0.5248292088508606 0.5090656280517578 -0.08854325860738754
