0.8682429790496826 0.5038334131240845 5.631413841911126e-07
0.8323578834533691 0.6079525947570801 -0.029949070885777473
0.7706025242805481 0.6940857172012329 -0.05182143300771713
0.7245655059814453 0.7617930173873901 -0.0721525177359581
0.700201153755188 0.8258171081542969 -0.09300123900175095
0.6427845358848572 0.6259925365447998 -0.03285197541117668
0.5455127954483032 0.6432073712348938 -0.062337812036275864
0.48427265882492065 0.6438127756118774 -0.08734071999788284
0.43389081954956055 0.6387174725532532 -0.10494273900985718
0.6348464488983154 0.5667521953582764 -0.0384097546339035
0.5313940048217773 0.5839827656745911 -0.06256277114152908
0.46634066104888916 0.5920342206954956 -0.0825929269194603
0.4125711917877197 0.5942356586456299 -0.09682764858007431
0.644533097743988 0.5066289305686951 -0.048093415796756744
0.5426872968673706 0.5239515900611877 -0.06964800506830215
0.4804593622684479 0.5358490347862244 -0.0843578651547432
0.42988187074661255 0.543492317199707 -0.09460045397281647
0.6680140495300293 0.4419984221458435 -0.06098689138889313
0.5912833213806152 0.4449753165245056 -0.08028768002986908
0.5412044525146484 0.455059289932251 -0.08857161551713943
0.49800360202789307 0.46571022272109985 -0.09323018789291382
