0.7135222554206848 0.7547241449356079 6.241322125788429e-07
0.7502727508544922 0.64369136095047 -0.018883243203163147
0.7518012523651123 0.5283477306365967 -0.032043419778347015
0.7391189336776733 0.42673301696777344 -0.04254060611128807
0.7400124073028564 0.34539440274238586 -0.05350198596715927
0.6553506851196289 0.4809364974498749 -0.028758475556969643
0.6172918677330017 0.36293652653694153 -0.043547239154577255
0.5922180414199829 0.2945072054862976 -0.05499563366174698
0.5712941884994507 0.2401556670665741 -0.06369990855455399
0.609999418258667 0.5132339596748352 -0.029279885813593864
0.5612342953681946 0.3968612551689148 -0.04291386529803276
0.5270902514457703 0.3229578733444214 -0.055120740085840225
0.5008736252784729 0.26756393909454346 -0.0649537593126297
0.5770820379257202 0.5601698160171509 -0.030701205134391785
0.5253636240959167 0.4533146917819977 -0.04395123943686485
0.4929852783679962 0.38303425908088684 -0.05752655491232872
0.4692329168319702 0.3272187113761902 -0.06828668713569641
0.5548227429389954 0.6122459173202515 -0.032891225069761276
0.5099902153015137 0.5350180864334106 -0.04812838137149811
0.4808386564254761 0.4852801561355591 -0.05814952030777931
0.45745623111724854 0.4404902458190918 -0.06447969377040863
