0.4929835796356201 0.6855025887489319 7.265595058925101e-07
0.5566348433494568 0.7258888483047485 -0.04886801913380623
0.6341997981071472 0.7480390071868896 -0.08166442811489105
0.6991409063339233 0.7900440692901611 -0.11180368065834045
0.7485319375991821 0.843936562538147 -0.14365515112876892
0.6942230463027954 0.5716000199317932 -0.04798904433846474
0.766494631767273 0.5145817399024963 -0.08423390984535217
0.810242235660553 0.4815630316734314 -0.11552345752716064
0.8450040221214294 0.45933935046195984 -0.13715505599975586
0.6687624454498291 0.513343334197998 -0.04623193293809891
0.7340936660766602 0.44279778003692627 -0.07685070484876633
0.7715603709220886 0.40439677238464355 -0.1053338348865509
0.7999424934387207 0.37568241357803345 -0.12574812769889832
0.6319686770439148 0.47183048725128174 -0.04989917203783989
0.6847155094146729 0.39948582649230957 -0.07557034492492676
0.7180151343345642 0.3573867082595825 -0.09341564774513245
0.7455358505249023 0.3239515721797943 -0.1057034283876419
0.5861160755157471 0.44676023721694946 -0.05844729021191597
0.6212175488471985 0.37680381536483765 -0.07844967395067215
0.6455180048942566 0.33404237031936646 -0.0855930745601654
0.6684663891792297 0.30084115266799927 -0.08958115428686142
