0.8563551306724548 0.8822839260101318 5.052242499914428e-07
0.7568585872650146 0.8405863642692566 -0.02562667429447174
0.6819890141487122 0.7227907180786133 -0.03461367264389992
0.6353799104690552 0.6253975629806519 -0.043803129345178604
0.5848373174667358 0.5547729730606079 -0.05270533636212349
0.7039462924003601 0.5500130653381348 -0.00744923809543252
0.655796229839325 0.42897719144821167 -0.0310209933668375
0.6289099454879761 0.3544599413871765 -0.052438657730817795
0.6115089058876038 0.28467416763305664 -0.06907813251018524
0.7568479776382446 0.5195468068122864 -0.01815687119960785
0.7308276891708374 0.3671446442604065 -0.03697863221168518
0.7134839296340942 0.270174115896225 -0.057990092784166336
0.702258288860321 0.18720343708992004 -0.07431183010339737
0.8102155327796936 0.5253223180770874 -0.03481753170490265
0.7989236116409302 0.37813931703567505 -0.057855162769556046
0.7913329005241394 0.28776317834854126 -0.07587428390979767
0.7840242385864258 0.20818451046943665 -0.08989986777305603
0.8617627024650574 0.5597301721572876 -0.05465801805257797
0.8653415441513062 0.45513492822647095 -0.07744333893060684
0.8672665357589722 0.3855736255645752 -0.08743473887443542
0.8673609495162964 0.3209502100944519 -0.09485901892185211
