0.558207631111145 0.5000971555709839 6.884890240144159e-07
0.6036204695701599 0.5825600028038025 -0.039640262722969055
0.6841970682144165 0.6263651847839355 -0.058189935982227325
0.7567682862281799 0.6664073467254639 -0.07376720756292343
0.7997869849205017 0.7286328077316284 -0.08886204659938812
0.7991651296615601 0.5411530137062073 -0.03133044019341469
0.894262969493866 0.5547702312469482 -0.060097016394138336
0.9571439027786255 0.5593866109848022 -0.08457452803850174
1.0080087184906006 0.5616874694824219 -0.10189816355705261
0.8023449778556824 0.4780823886394501 -0.03185563161969185
0.906452476978302 0.48452481627464294 -0.056013818830251694
0.973385214805603 0.49223846197128296 -0.07616806775331497
1.0275871753692627 0.5017507076263428 -0.09000055491924286
0.7859047055244446 0.42212119698524475 -0.03783115744590759
0.8852688670158386 0.4177338480949402 -0.06142060458660126
0.949531614780426 0.42451685667037964 -0.07726998627185822
1.0023661851882935 0.43844202160835266 -0.08763281255960464
0.7518669366836548 0.3684806823730469 -0.04803279787302017
0.8238662481307983 0.3396208882331848 -0.06933634728193283
0.8735179901123047 0.33347782492637634 -0.07817135751247406
0.9179396629333496 0.3379438519477844 -0.0830911323428154
