0.5855427384376526 0.53755122423172 5.371305178414332e-07
0.6419116258621216 0.6288841962814331 -0.021589267998933792
0.7241525053977966 0.6859151124954224 -0.032689519226551056
0.7798776626586914 0.743685245513916 -0.045547645539045334
0.811579167842865 0.8068820238113403 -0.05954042449593544
0.8391211032867432 0.5685840845108032 -0.009056633338332176
0.9347884058952332 0.5605239868164062 -0.03245203197002411
0.9924591183662415 0.5570061206817627 -0.05446520820260048
1.0391902923583984 0.5559802651405334 -0.0702131912112236
0.8390133380889893 0.5059201717376709 -0.01761176437139511
0.9421115517616272 0.49012163281440735 -0.03685436397790909
1.0055557489395142 0.48467206954956055 -0.056646402925252914
1.0564719438552856 0.4839763045310974 -0.0711425319314003
0.8216558694839478 0.4510264992713928 -0.03079812042415142
0.9197009205818176 0.4258041977882385 -0.04847754165530205
0.9811827540397644 0.4192030429840088 -0.06281857937574387
1.0321258306503296 0.41950923204421997 -0.07316411286592484
0.7875538468360901 0.39818859100341797 -0.04717826843261719
0.8622020483016968 0.3655719757080078 -0.06260325759649277
0.9128056764602661 0.3533300757408142 -0.06880170851945877
0.9604200124740601 0.34924089908599854 -0.0729183629155159
