0.5096073746681213 0.5168567895889282 7.150725309656991e-07
0.5515897274017334 0.5862873792648315 -0.03920185565948486
0.6202455759048462 0.6324141025543213 -0.06535723060369492
0.6892527341842651 0.682219386100769 -0.0868600457906723
0.7385926842689514 0.7275983095169067 -0.10852841287851334
0.7008935213088989 0.5250727534294128 -0.05640236660838127
0.8005807995796204 0.5110641717910767 -0.08713201433420181
0.8632418513298035 0.5018895864486694 -0.10761430859565735
0.9127122163772583 0.49524983763694763 -0.12078651040792465
0.7027480602264404 0.46609562635421753 -0.053864385932683945
0.8096287846565247 0.45088109374046326 -0.081629179418087
0.8790274858474731 0.44197505712509155 -0.10037455707788467
0.9343831539154053 0.436509370803833 -0.11326935887336731
0.6909068822860718 0.41920995712280273 -0.05370208993554115
0.7881845235824585 0.40094268321990967 -0.0760556235909462
0.84941166639328 0.3924005627632141 -0.08825282752513885
0.8976436257362366 0.38941746950149536 -0.09624885767698288
0.6703100204467773 0.3822978436946869 -0.05667291581630707
0.7447348237037659 0.3600497841835022 -0.07402821630239487
0.7921268343925476 0.34886831045150757 -0.0800946056842804
0.8314164876937866 0.3454679250717163 -0.08294914662837982
