0.9255768060684204 0.49531352519989014 4.4520447772811167e-07
0.8981733918190002 0.5924718379974365 -0.02596614509820938
0.8459405899047852 0.6823294758796692 -0.04157397523522377
0.8054757714271545 0.7492039203643799 -0.05685093626379967
0.8000917434692383 0.8091628551483154 -0.07319309562444687
0.7259776592254639 0.6082619428634644 -0.020848363637924194
0.6411347389221191 0.6478797793388367 -0.04163080081343651
0.5895852446556091 0.667451024055481 -0.061140380799770355
0.545252799987793 0.6814204454421997 -0.076347216963768
0.7121254205703735 0.5529224872589111 -0.02740907296538353
0.6133384108543396 0.5745518207550049 -0.04435840621590614
0.5526093244552612 0.5885819792747498 -0.062454953789711
0.5030325651168823 0.5995489358901978 -0.07690455764532089
0.7171056866645813 0.4988487660884857 -0.03814614564180374
0.623637318611145 0.5048879384994507 -0.05394631624221802
0.5671162009239197 0.5127179622650146 -0.06972284615039825
0.5192199945449829 0.5204160213470459 -0.08262656629085541
0.7359644770622253 0.44158750772476196 -0.052035555243492126
0.6668087840080261 0.42160433530807495 -0.06497146189212799
0.6220706701278687 0.41420048475265503 -0.07194963097572327
0.5814688205718994 0.40998539328575134 -0.07817564159631729
