0.4912165403366089 0.6914322972297668 4.962197976965399e-07
0.5528476238250732 0.7330513596534729 -0.04387300834059715
0.626436173915863 0.7527920007705688 -0.07770726829767227
0.6850067377090454 0.7957497835159302 -0.11239694058895111
0.7269466519355774 0.8471587896347046 -0.14859075844287872
0.6933953166007996 0.5623406171798706 -0.037953153252601624
0.7565507888793945 0.48868227005004883 -0.07982384413480759
0.7827882170677185 0.46474242210388184 -0.11535908281803131
0.8002071380615234 0.45228925347328186 -0.13794325292110443
0.6741899251937866 0.5025431513786316 -0.04088590294122696
0.7374754548072815 0.41449666023254395 -0.07237912714481354
0.7709026336669922 0.3734629154205322 -0.10205143690109253
0.7948675155639648 0.34691381454467773 -0.12293723225593567
0.6415562033653259 0.4617583751678467 -0.05061427876353264
0.6892898082733154 0.3661509156227112 -0.07677336782217026
0.7192116975784302 0.3155670166015625 -0.09738574177026749
0.7437012195587158 0.27692240476608276 -0.11013807356357574
0.5964098572731018 0.4362039864063263 -0.06534776836633682
0.6237417459487915 0.3441902995109558 -0.08206512778997421
0.6390714049339294 0.28193897008895874 -0.08923117816448212
0.651486337184906 0.2285028100013733 -0.09365272521972656
