0.8944730162620544 0.9504669904708862 4.5471429643839656e-07
0.7942649126052856 0.8957967758178711 -0.02391793020069599
0.7284680604934692 0.7716918587684631 -0.031155047938227654
0.6859791278839111 0.6650270223617554 -0.0401792898774147
0.6307463645935059 0.5926622748374939 -0.04870760068297386
0.7349092960357666 0.5938556790351868 0.014167209155857563
0.6819697618484497 0.4735352396965027 -0.006649423390626907
0.6485713720321655 0.399613618850708 -0.030284041538834572
0.6241990923881531 0.32866814732551575 -0.04904446005821228
0.7881597876548767 0.5591639280319214 0.0021530964877456427
0.7530402541160583 0.4006127715110779 -0.014859668910503387
0.7306177020072937 0.30239418148994446 -0.038543663918972015
0.7131525874137878 0.21543073654174805 -0.056657824665308
0.843625009059906 0.5617381930351257 -0.017126981168985367
0.8243473172187805 0.4033193588256836 -0.03887706249952316
0.8162983655929565 0.3075621724128723 -0.057661157101392746
0.8069224953651428 0.22192522883415222 -0.07159267365932465
0.8999434113502502 0.5910950303077698 -0.039946723729372025
0.893150806427002 0.46793878078460693 -0.05856403708457947
0.8891979455947876 0.3903595209121704 -0.06597410887479782
0.8838988542556763 0.3173907995223999 -0.07193509489297867
