0.5519551634788513 0.9812777042388916 5.414286761151743e-07
0.534349799156189 0.9477769136428833 -0.022338850423693657
0.5016780495643616 0.9057720303535461 -0.04035857319831848
0.48408281803131104 0.8693050742149353 -0.05657731369137764
0.47044914960861206 0.8386483788490295 -0.07340666651725769
0.46252432465553284 0.9231047630310059 -0.051007721573114395
0.4375854730606079 0.8638730049133301 -0.08276399970054626
0.42813900113105774 0.821244478225708 -0.10058772563934326
0.422152578830719 0.7818898558616638 -0.11014093458652496
0.46469131112098694 0.9548535346984863 -0.05325458198785782
0.4523894786834717 0.871078372001648 -0.08968445658683777
0.4491148889064789 0.8119006752967834 -0.1028844490647316
0.44891563057899475 0.7642889618873596 -0.1073414534330368
0.47755029797554016 0.9804182052612305 -0.05642718821763992
0.4984998106956482 0.9000201225280762 -0.09161302447319031
0.5369375944137573 0.8740652799606323 -0.09034282714128494
0.5617402195930481 0.8555571436882019 -0.08106778562068939
0.4958812892436981 0.9973283410072327 -0.061251211911439896
0.5117551684379578 0.9478511214256287 -0.08481302857398987
0.5334899425506592 0.9335107803344727 -0.08313596993684769
0.5462122559547424 0.9235831499099731 -0.0764436349272728
