0.8752440214157104 0.4845289885997772 5.214284897192556e-07
0.837778627872467 0.5790472626686096 -0.03702978789806366
0.7757333517074585 0.6718860864639282 -0.06071389839053154
0.7353456616401672 0.751062273979187 -0.08173548430204391
0.714344322681427 0.8246152400970459 -0.10257428884506226
0.6535862684249878 0.5881358981132507 -0.032716140151023865
0.5609251856803894 0.6069086194038391 -0.06356718391180038
0.5014925003051758 0.6139975786209106 -0.09083129465579987
0.45182040333747864 0.6171166300773621 -0.11017974466085434
0.6446899175643921 0.5342322587966919 -0.034859851002693176
0.5472558736801147 0.5499046444892883 -0.058960918337106705
0.4842882454395294 0.5618066191673279 -0.07978389412164688
0.4303979277610779 0.5711843967437744 -0.09528417885303497
0.6530836820602417 0.47992438077926636 -0.042290639132261276
0.5584331750869751 0.49215537309646606 -0.0631072148680687
0.5000802874565125 0.5023115873336792 -0.07536130398511887
0.45170843601226807 0.5131866335868835 -0.08429187536239624
0.6765186786651611 0.4237855076789856 -0.05406462773680687
0.6053381562232971 0.4239606261253357 -0.07160881161689758
0.559884250164032 0.4314116835594177 -0.07742705196142197
0.5215374827384949 0.4449891448020935 -0.08104207366704941
