0.9430580139160156 0.5852346420288086 5.742442112932622e-07
0.869938850402832 0.6436594724655151 -0.028532283380627632
0.7822089195251465 0.6770607233047485 -0.0477755144238472
0.7161163687705994 0.7091033458709717 -0.0659438818693161
0.6715418696403503 0.757763147354126 -0.08492116630077362
0.7059469819068909 0.5120320916175842 -0.025821425020694733
0.6155132055282593 0.4761628806591034 -0.05242089927196503
0.5586435198783875 0.44887077808380127 -0.07606714963912964
0.5128404498100281 0.42357152700424194 -0.09339570999145508
0.7223005294799805 0.44964462518692017 -0.03352430835366249
0.6311749219894409 0.3806445002555847 -0.054666053503751755
0.5735589861869812 0.3394026756286621 -0.0746302530169487
0.526883602142334 0.3060203790664673 -0.08956246823072433
0.7547636032104492 0.4037776589393616 -0.045877475291490555
0.6757864952087402 0.32666248083114624 -0.06723655015230179
0.6236775517463684 0.2882312536239624 -0.0830802321434021
0.5786712765693665 0.2605739235877991 -0.09483174234628677
0.8002385497093201 0.37084004282951355 -0.06127564609050751
0.7566227912902832 0.2910725772380829 -0.07863517105579376
0.7239726185798645 0.2434852421283722 -0.08543473482131958
0.6920121908187866 0.20435255765914917 -0.09036929905414581
