0.5166639089584351 0.6697723865509033 5.773940188191773e-07
0.5893976092338562 0.7064999341964722 -0.03962678834795952
0.6714495420455933 0.7120218276977539 -0.06590089201927185
0.7463526725769043 0.7269700765609741 -0.09086446464061737
0.8059940338134766 0.76069176197052 -0.11703723669052124
0.7030592560768127 0.5201635956764221 -0.04215021803975105
0.7687897682189941 0.4445951581001282 -0.07229635119438171
0.8055444955825806 0.3916914463043213 -0.09722666442394257
0.8376275897026062 0.34455376863479614 -0.1163223460316658
0.6782083511352539 0.4599419832229614 -0.04590984061360359
0.7433457374572754 0.3507184386253357 -0.07351131737232208
0.7838372588157654 0.279529869556427 -0.0974365845322609
0.8179459571838379 0.21755480766296387 -0.1152455285191536
0.6407577991485596 0.42377936840057373 -0.05400288105010986
0.6959474086761475 0.3134850859642029 -0.08218809217214584
0.7293118238449097 0.23942643404006958 -0.10498049855232239
0.7571620345115662 0.175260990858078 -0.12017928808927536
0.5941959619522095 0.40755659341812134 -0.06552037596702576
0.6187184453010559 0.31146371364593506 -0.0932960957288742
0.6306427717208862 0.24255245923995972 -0.10817589610815048
0.6411841511726379 0.18054258823394775 -0.11705604195594788
