0.5247013568878174 0.8241451382637024 3.6665150560111215e-07
0.59324049949646 0.7517770528793335 -0.019540276378393173
0.6347651481628418 0.6276069283485413 -0.021090680733323097
0.6558895111083984 0.5292941331863403 -0.02375037781894207
0.6703870892524719 0.45620861649513245 -0.026563849300146103
0.596172034740448 0.5100312232971191 -0.0019800220616161823
0.6113711595535278 0.3902464509010315 -0.019930372014641762
0.6173383593559265 0.31846553087234497 -0.03708801418542862
0.6198708415031433 0.2588713467121124 -0.04933561012148857
0.5520114898681641 0.5039581060409546 -0.007290869485586882
0.5568113923072815 0.37387970089912415 -0.023216351866722107
0.5553346872329712 0.29141294956207275 -0.04073188826441765
0.5518264174461365 0.22457608580589294 -0.05297496169805527
0.5089095830917358 0.5209633111953735 -0.01698257029056549
0.503948986530304 0.399065762758255 -0.034820061177015305
0.4971601366996765 0.32458528876304626 -0.048942212015390396
0.4905991852283478 0.2650938630104065 -0.057983510196208954
0.46374648809432983 0.5585845708847046 -0.029145458713173866
0.4471222162246704 0.4699963927268982 -0.046670276671648026
0.4348650872707367 0.4107919931411743 -0.054223932325839996
0.4231966435909271 0.3602580428123474 -0.0579281784594059
