0.7898744940757751 1.0561916828155518 5.535563332159654e-07
0.702813982963562 1.0032050609588623 -0.03301209211349487
0.6366616487503052 0.8974452614784241 -0.054391950368881226
0.591561496257782 0.801409125328064 -0.07431531697511673
0.5375664234161377 0.7273539900779724 -0.09449268877506256
0.6614181399345398 0.7246606945991516 -0.03664974123239517
0.6115747094154358 0.5856395959854126 -0.07072455435991287
0.5814681053161621 0.5044459700584412 -0.0964747965335846
0.5597504377365112 0.4308142066001892 -0.11469083279371262
0.7133681774139404 0.7023296356201172 -0.04763559624552727
0.6850078105926514 0.5293493270874023 -0.07776553183794022
0.6646663546562195 0.42446452379226685 -0.10252885520458221
0.649104654788971 0.33554553985595703 -0.12017548829317093
0.768194317817688 0.712980329990387 -0.06350639462471008
0.7577480673789978 0.5464428067207336 -0.09356898069381714
0.7505408525466919 0.44330358505249023 -0.11341254413127899
0.7424704432487488 0.351834237575531 -0.1275709867477417
0.8259085416793823 0.750550389289856 -0.08236530423164368
0.8360143899917603 0.6281169056892395 -0.10822376608848572
0.8401865363121033 0.5455306172370911 -0.1186685785651207
0.8407345414161682 0.46950072050094604 -0.12587733566761017
