0.8610236048698425 0.4630357325077057 5.882586151528812e-07
0.8365954756736755 0.5689993500709534 -0.03177844360470772
0.7892224788665771 0.6798230409622192 -0.05358017608523369
0.7569875121116638 0.7688676118850708 -0.07304131984710693
0.752983570098877 0.8416403532028198 -0.0934058129787445
0.6536440849304199 0.6017582416534424 -0.03683951124548912
0.5632853507995605 0.6464056372642517 -0.06281573325395584
0.5067540407180786 0.6684648990631104 -0.08502740412950516
0.45816633105278015 0.6829198002815247 -0.10159902274608612
0.6376892328262329 0.5371566414833069 -0.04172157123684883
0.5341373682022095 0.5615848302841187 -0.06064612418413162
0.46934324502944946 0.579492449760437 -0.078086256980896
0.41612643003463745 0.5927698612213135 -0.09253120422363281
0.6427820324897766 0.473659873008728 -0.05063854902982712
0.5474370121955872 0.4862039387226105 -0.06729226559400558
0.4882090389728546 0.5009931921958923 -0.08143941313028336
0.43973106145858765 0.5159562826156616 -0.09375900775194168
0.6631477475166321 0.4089759290218353 -0.06297925114631653
0.5939306020736694 0.3981785774230957 -0.07742979377508163
0.5465621948242188 0.3999442458152771 -0.0838555172085762
0.5041583776473999 0.40657803416252136 -0.08958327025175095
