0.5369921326637268 0.8790884017944336 3.451945076449192e-07
0.5992053151130676 0.8158594369888306 -0.027920477092266083
0.6490755081176758 0.6887629628181458 -0.030148396268486977
0.6812137961387634 0.5893226265907288 -0.03164219856262207
0.6956893801689148 0.5153652429580688 -0.03261984884738922
0.6089654564857483 0.5556014180183411 -0.005787112284451723
0.6309456825256348 0.43880945444107056 -0.02079104445874691
0.6399039030075073 0.36429351568222046 -0.03630124405026436
0.6429528594017029 0.30335408449172974 -0.04844552278518677
0.5621930956840515 0.5445828437805176 -0.008771573193371296
0.5635151267051697 0.416637659072876 -0.021428069099783897
0.5606251955032349 0.3367621898651123 -0.03739497438073158
0.5536733865737915 0.2766064703464508 -0.04935670271515846
0.5177714824676514 0.5608742237091064 -0.017418764531612396
0.506971538066864 0.44730859994888306 -0.03504883497953415
0.5012196898460388 0.37077367305755615 -0.05361917242407799
0.493660569190979 0.3097291588783264 -0.06731286644935608
0.4728364944458008 0.600618839263916 -0.02937331236898899
0.43709442019462585 0.5166944861412048 -0.05138392001390457
0.4113948941230774 0.4607977569103241 -0.06510089337825775
0.3890979290008545 0.40978673100471497 -0.07392868399620056
