0.5297938585281372 0.8595216870307922 4.48038520062255e-07
0.5995380282402039 0.8019507527351379 -0.033573299646377563
0.6570700407028198 0.6783081889152527 -0.038491975516080856
0.6939837336540222 0.5757561326026917 -0.04198845848441124
0.712644100189209 0.5014836192131042 -0.04395636171102524
0.6186090707778931 0.5361666083335876 -0.005795673467218876
0.6470365524291992 0.415812611579895 -0.022709162905812263
0.6580069065093994 0.34383702278137207 -0.03928224742412567
0.6643326878547668 0.2866518795490265 -0.051793769001960754
0.5687326788902283 0.5197025537490845 -0.006210152059793472
0.5796891450881958 0.38359442353248596 -0.020219309255480766
0.5865053534507751 0.30344057083129883 -0.03654520586133003
0.5898582935333252 0.24704855680465698 -0.04827644303441048
0.5196939706802368 0.5335061550140381 -0.013297881931066513
0.5156089663505554 0.4061908721923828 -0.03255167603492737
0.5108045339584351 0.3339318335056305 -0.05125585198402405
0.5057117342948914 0.2792806327342987 -0.06438595056533813
0.4704153835773468 0.5722087025642395 -0.024202140048146248
0.4383488595485687 0.49231383204460144 -0.04889804124832153
0.41212570667266846 0.43909507989883423 -0.06434391438961029
0.3890591561794281 0.3904462158679962 -0.07352199405431747
