0.4451299011707306 0.8413156270980835 4.212114959045721e-07
0.3931728005409241 0.7399013042449951 0.02005002647638321
0.3664442300796509 0.6222447752952576 0.02071470208466053
0.34520915150642395 0.5321481227874756 0.015407153405249119
0.3220999240875244 0.46179887652397156 0.007099342532455921
0.3967554569244385 0.5415074825286865 -0.015552916564047337
0.3988567888736725 0.3900166153907776 -0.04136456549167633
0.3998798429965973 0.2990680932998657 -0.05446191132068634
0.40366479754447937 0.2278776466846466 -0.06230752170085907
0.42749160528182983 0.5451962351799011 -0.04293334484100342
0.4412257969379425 0.3638131618499756 -0.07208410650491714
0.45069795846939087 0.252721905708313 -0.08807350695133209
0.4600347876548767 0.1661432981491089 -0.0976003110408783
0.46324458718299866 0.5648480653762817 -0.06879004836082458
0.4816206991672516 0.38890284299850464 -0.09692931920289993
0.4912872314453125 0.2857479751110077 -0.11422296613454819
0.49952372908592224 0.19954288005828857 -0.12481993436813354
0.504922091960907 0.5987979173660278 -0.09180513024330139
0.5355170369148254 0.47473424673080444 -0.11738282442092896
0.5540655851364136 0.3972281515598297 -0.13057097792625427
0.5720703601837158 0.32637038826942444 -0.1386609673500061
