0.9445756077766418 0.5799964666366577 7.250122280311189e-07
0.8804854154586792 0.6358795166015625 -0.037042517215013504
0.7992122769355774 0.6719463467597961 -0.0634545311331749
0.7328475713729858 0.7021026015281677 -0.08697298169136047
0.6872974634170532 0.7505639791488647 -0.11161098629236221
0.7273298501968384 0.5056842565536499 -0.046333566308021545
0.6398229598999023 0.4617227017879486 -0.07627928256988525
0.5831135511398315 0.4366861581802368 -0.10127381235361099
0.5362609624862671 0.41689175367355347 -0.11850299686193466
0.7441813349723816 0.44325265288352966 -0.048786915838718414
0.6540712118148804 0.37215837836265564 -0.07334399223327637
0.5930516123771667 0.3345548212528229 -0.09419798105955124
0.5437246561050415 0.3065788149833679 -0.10929559171199799
0.7755162715911865 0.397262841463089 -0.0551346093416214
0.7015702128410339 0.32139015197753906 -0.07674755901098251
0.6478704810142517 0.2844138741493225 -0.0938853770494461
0.6015766859054565 0.2609122693538666 -0.10629010945558548
0.818267822265625 0.3651329278945923 -0.06491060554981232
0.7777893543243408 0.2875569462776184 -0.08140651881694794
0.7438493371009827 0.2424422800540924 -0.08918943256139755
0.7109832763671875 0.20617857575416565 -0.09450564533472061
