0.5438663363456726 0.6086823344230652 7.293489829862665e-07
0.6107151508331299 0.6842269897460938 -0.04876580089330673
0.6959728598594666 0.7317126989364624 -0.07970824837684631
0.7671931982040405 0.7834620475769043 -0.10836055874824524
0.8190458416938782 0.8493130207061768 -0.13851627707481384
0.7914310693740845 0.5629045367240906 -0.05647716298699379
0.8943948745727539 0.5326220393180847 -0.09409448504447937
0.9586877226829529 0.5049343705177307 -0.12397906184196472
1.0142167806625366 0.4766891598701477 -0.14606942236423492
0.7775360941886902 0.48778828978538513 -0.05883978679776192
0.8785266876220703 0.4211551547050476 -0.0929044559597969
0.9440959095954895 0.3677125871181488 -0.12110196053981781
0.9969362020492554 0.31918269395828247 -0.1414286345243454
0.7438644170761108 0.43263164162635803 -0.06598813831806183
0.8357684016227722 0.35913896560668945 -0.09764618426561356
0.8998675346374512 0.3107187747955322 -0.12178825587034225
0.9549626111984253 0.2693387269973755 -0.13802996277809143
0.6948708295822144 0.3936745226383209 -0.07763049006462097
0.7494214177131653 0.3138473331928253 -0.10853182524442673
0.7890519499778748 0.25736019015312195 -0.12433738261461258
0.8266180157661438 0.20849132537841797 -0.13342995941638947
