0.9401506781578064 0.45463621616363525 5.110617280479346e-07
0.8902025818824768 0.5375825762748718 -0.022533191367983818
0.8269928693771362 0.5949574708938599 -0.040615443140268326
0.7857988476753235 0.6320223808288574 -0.057251881808042526
0.7647221088409424 0.6747806072235107 -0.0748172253370285
0.7307027578353882 0.4943693280220032 -0.03593144938349724
0.6337277293205261 0.4989502727985382 -0.058741405606269836
0.5776641964912415 0.5040512084960938 -0.07644420862197876
0.5319241881370544 0.5096429586410522 -0.08825963735580444
0.7317649126052856 0.43266114592552185 -0.04234150052070618
0.6256148219108582 0.43061551451683044 -0.060765307396650314
0.564410388469696 0.43117478489875793 -0.07480750232934952
0.5174746513366699 0.4317319989204407 -0.0844048485159874
0.7477301359176636 0.3784330487251282 -0.05085878074169159
0.649474024772644 0.3727729618549347 -0.06766004860401154
0.5898408889770508 0.3689725697040558 -0.07688193023204803
0.5449174046516418 0.3664780557155609 -0.0825866088271141
0.7740522027015686 0.3302151560783386 -0.061396028846502304
0.7003082633018494 0.31088900566101074 -0.07414508610963821
0.6529237031936646 0.29833078384399414 -0.07533411681652069
0.6145330667495728 0.2888687551021576 -0.0749741643667221
