0.6035124659538269 0.6367237567901611 4.773353339260211e-07
0.6702446937561035 0.5790643692016602 -0.01685258559882641
0.722270131111145 0.49233278632164 -0.021792106330394745
0.7515440583229065 0.42693576216697693 -0.02812824584543705
0.766295850276947 0.36893588304519653 -0.035009417682886124
0.679798424243927 0.37952250242233276 -0.0004807210061699152
0.7033697962760925 0.2942233085632324 -0.018886035308241844
0.7167308926582336 0.23751701414585114 -0.037607986479997635
0.7293417453765869 0.19439931213855743 -0.05062943696975708
0.6371950507164001 0.3688051700592041 -0.007903059013187885
0.6445541381835938 0.26635438203811646 -0.02360468916594982
0.6512232422828674 0.19604580104351044 -0.04209667444229126
0.6593382358551025 0.13932234048843384 -0.055115338414907455
0.5924014449119568 0.3801683783531189 -0.019594961777329445
0.5933148860931396 0.2812708616256714 -0.038768667727708817
0.5944434404373169 0.21524450182914734 -0.054768647998571396
0.5987399816513062 0.15860745310783386 -0.0652390867471695
0.5477715730667114 0.41242265701293945 -0.033156927675008774
0.5333443284034729 0.34015676379203796 -0.05380802974104881
0.5223284959793091 0.2883155941963196 -0.06312661617994308
0.5156243443489075 0.24094383418560028 -0.06798425316810608
