1.0452102422714233 0.5443925857543945 5.892040348953742e-07
0.9806103706359863 0.5928212404251099 -0.03451975807547569
0.89714115858078 0.614778995513916 -0.05900169163942337
0.827754557132721 0.6395753622055054 -0.08104610443115234
0.7765086889266968 0.6837009191513062 -0.10375913232564926
0.8321691751480103 0.45041003823280334 -0.03965413197875023
0.7409093379974365 0.4058506488800049 -0.06801055371761322
0.6851897835731506 0.37685179710388184 -0.09084857255220413
0.6390291452407837 0.348446786403656 -0.10722539573907852
0.8507565259933472 0.390697717666626 -0.0442790687084198
0.7601935267448425 0.31414973735809326 -0.0678938776254654
0.7019493579864502 0.26717114448547363 -0.08805587887763977
0.6542540788650513 0.22915570437908173 -0.10304825007915497
0.8852229714393616 0.349285364151001 -0.05302766337990761
0.8089684247970581 0.26924657821655273 -0.07666493207216263
0.7574013471603394 0.2277412861585617 -0.09404300898313522
0.7121984362602234 0.1975376158952713 -0.10637389123439789
0.9309803247451782 0.3197682797908783 -0.0647881031036377
0.8877555727958679 0.23652449250221252 -0.08431984484195709
0.8536828756332397 0.1876283884048462 -0.0934048742055893
0.8200761675834656 0.14737451076507568 -0.09978251159191132
