0.7912584543228149 0.8450837135314941 8.071129968811874e-07
0.8515114784240723 0.7286145687103271 -0.03177451342344284
0.8720704317092896 0.6039692163467407 -0.05073226988315582
0.873350977897644 0.48819440603256226 -0.0648266077041626
0.8902930617332458 0.39465028047561646 -0.07787807285785675
0.7465500235557556 0.5232248306274414 -0.03261187672615051
0.726414680480957 0.3795742094516754 -0.047607991844415665
0.7078608870506287 0.29464849829673767 -0.060920000076293945
0.6903121471405029 0.2284177541732788 -0.07126106321811676
0.6913778781890869 0.5492666959762573 -0.026564301922917366
0.6610403656959534 0.4048101007938385 -0.03950401395559311
0.6357918977737427 0.31036287546157837 -0.052940886467695236
0.61469566822052 0.23962053656578064 -0.06364571303129196
0.6556292176246643 0.5903593301773071 -0.022438738495111465
0.6164699792861938 0.4622259736061096 -0.03457866981625557
0.5910438299179077 0.3774656653404236 -0.04869214445352554
0.571793258190155 0.31000781059265137 -0.0597362294793129
0.6357577443122864 0.6359664797782898 -0.020560424774885178
0.5970585346221924 0.5472855567932129 -0.03515584021806717
0.5708397030830383 0.4887199103832245 -0.04522973671555519
0.5496217012405396 0.4375744163990021 -0.05116146802902222
