0.848829984664917 0.5718603134155273 6.802063126087887e-07
0.797195315361023 0.6595224738121033 -0.0463743694126606
0.7189956903457642 0.717917263507843 -0.07360637933015823
0.6577406525611877 0.7552987933158875 -0.09591934084892273
0.6170620322227478 0.802710771560669 -0.11745650321245193
0.6082409024238586 0.60129314661026 -0.041113629937171936
0.5228182077407837 0.5641648173332214 -0.07244275510311127
0.4681059718132019 0.5335781574249268 -0.10017476230859756
0.4252842664718628 0.5061047077178955 -0.11893582344055176
0.6152423620223999 0.5390962958335876 -0.03785480931401253
0.5252262949943542 0.4968051612377167 -0.06295221298933029
0.4675036072731018 0.4673175811767578 -0.08325102180242538
0.42269352078437805 0.43865787982940674 -0.09733498096466064
0.636616587638855 0.48696663975715637 -0.04068076238036156
0.5520355105400085 0.44654572010040283 -0.06251975148916245
0.49449169635772705 0.4228491485118866 -0.07531742006540298
0.4488201141357422 0.39998331665992737 -0.08374949544668198
0.6710261106491089 0.4405289888381958 -0.048577021807432175
0.6036757230758667 0.39947736263275146 -0.06684018671512604
0.5543099641799927 0.3786523938179016 -0.07370816171169281
0.5096468925476074 0.36106550693511963 -0.07736817747354507
