0.912461519241333 0.4357636570930481 4.965936568623874e-07
0.891127347946167 0.5311497449874878 -0.031632859259843826
0.841640830039978 0.6308168172836304 -0.05129745602607727
0.8098324537277222 0.712377667427063 -0.06890422850847244
0.804033637046814 0.7835177779197693 -0.08754248917102814
0.7148499488830566 0.5547236204147339 -0.03447403386235237
0.6307796239852905 0.5887836813926697 -0.05950960889458656
0.5772331953048706 0.6071043610572815 -0.08107510954141617
0.5310936570167542 0.6206735372543335 -0.09783218801021576
0.7004098892211914 0.499001681804657 -0.039417218416929245
0.6042433977127075 0.5187116861343384 -0.06011057645082474
0.5426107048988342 0.5303241610527039 -0.07866134494543076
0.4920700788497925 0.5389337539672852 -0.09336301684379578
0.7058797478675842 0.4432408809661865 -0.04859915003180504
0.6147118806838989 0.4484826922416687 -0.0683661475777626
0.5581855177879333 0.4543991982936859 -0.08444106578826904
0.5123258233070374 0.4633987545967102 -0.09718514233827591
0.7258304357528687 0.386888325214386 -0.061079658567905426
0.6603820323944092 0.3689422607421875 -0.07846153527498245
0.6163832545280457 0.3638787269592285 -0.08773200958967209
0.5775853395462036 0.36615169048309326 -0.09529658406972885
