0.5383896231651306 0.6146969199180603 7.197782565526722e-07
0.6055765151977539 0.6858896613121033 -0.0467044934630394
0.692623496055603 0.7348270416259766 -0.07437923550605774
0.763754665851593 0.7883653044700623 -0.1002834141254425
0.8145322799682617 0.8510357141494751 -0.12735198438167572
0.7821500301361084 0.5660451650619507 -0.046140413731336594
0.8811193108558655 0.5369291305541992 -0.08036693185567856
0.9424670338630676 0.5121241807937622 -0.10865969210863113
0.9953950643539429 0.48841023445129395 -0.12963710725307465
0.7695326805114746 0.49241653084754944 -0.04807354137301445
0.8660840392112732 0.4234171211719513 -0.07916711270809174
0.9286049008369446 0.374906063079834 -0.10620663315057755
0.9808167815208435 0.33294278383255005 -0.12553837895393372
0.7380096316337585 0.43826597929000854 -0.0551617257297039
0.8260284662246704 0.36302798986434937 -0.08528803288936615
0.8845794200897217 0.3132813572883606 -0.10837066173553467
0.9368770122528076 0.2714025676250458 -0.12370476871728897
0.6909752488136292 0.4004687964916229 -0.0667073056101799
0.7430435419082642 0.32175204157829285 -0.09603618085384369
0.7797930836677551 0.26635152101516724 -0.11081275343894958
0.8158011436462402 0.21823015809059143 -0.11913946270942688
