0.5757635831832886 0.5180322527885437 5.994607477077807e-07
0.629889726638794 0.5941765308380127 -0.030488578602671623
0.6996245980262756 0.6431072354316711 -0.052530329674482346
0.7659890055656433 0.686496913433075 -0.07360096275806427
0.8238884806632996 0.7280699014663696 -0.09528815746307373
0.8013836741447449 0.5349635481834412 -0.02921178564429283
0.8985611200332642 0.522463321685791 -0.05743536353111267
0.9587001204490662 0.510529100894928 -0.0808795616030693
1.0090588331222534 0.501944899559021 -0.09701497107744217
0.8028485774993896 0.4752797782421112 -0.033341098576784134
0.9087846279144287 0.44833099842071533 -0.057677581906318665
0.9766993522644043 0.43239355087280273 -0.07899654656648636
1.0321435928344727 0.42214202880859375 -0.09393732994794846
0.7867222428321838 0.4215412735939026 -0.041230328381061554
0.8866247534751892 0.384769082069397 -0.06283970177173615
0.9517577886581421 0.368421733379364 -0.07652163505554199
1.004981517791748 0.36100926995277405 -0.08543873578310013
0.7575984001159668 0.3722057342529297 -0.05206702649593353
0.835299551486969 0.33524614572525024 -0.07017798721790314
0.8870089650154114 0.3171756863594055 -0.0759296640753746
0.9318677186965942 0.3076395094394684 -0.0783013254404068
