0.8624059557914734 0.8840878009796143 5.220717866905034e-07
0.763662576675415 0.8409663438796997 -0.028412651270627975
0.6884385943412781 0.7330875992774963 -0.04114567115902901
0.6406784057617188 0.6366258263587952 -0.053926315158605576
0.5906472206115723 0.5614777207374573 -0.0660843625664711
0.7084763050079346 0.5594711899757385 -0.01009480468928814
0.6612026691436768 0.4378066658973694 -0.03667569160461426
0.6345171928405762 0.3628927767276764 -0.06058601289987564
0.6180742979049683 0.2935929298400879 -0.07846633344888687
0.7605043649673462 0.5275588631629944 -0.02012661099433899
0.7322289347648621 0.3749900460243225 -0.04142598807811737
0.7139289975166321 0.27840137481689453 -0.06381159275770187
0.7020776271820068 0.19627457857131958 -0.08098454773426056
0.8131316900253296 0.5301510691642761 -0.03648791462182999
0.8017439842224121 0.38308650255203247 -0.06092221289873123
0.7948931455612183 0.29204660654067993 -0.078753262758255
0.7878768444061279 0.21325382590293884 -0.09243417531251907
0.865829586982727 0.5602443814277649 -0.05627887696027756
0.8719820380210876 0.45201486349105835 -0.07801497727632523
0.8758845329284668 0.3830225467681885 -0.0865151658654213
0.8765005469322205 0.3211077153682709 -0.09295914322137833
