0.5535476207733154 0.6294361352920532 1.9614343216289853e-07
0.6302801966667175 0.6447656154632568 -0.031301531940698624
0.709530770778656 0.6254264116287231 -0.05386089161038399
0.7773643732070923 0.6076119542121887 -0.07476051151752472
0.8335186243057251 0.5935854911804199 -0.0995490550994873
0.7481692433357239 0.5248040556907654 -0.05963725224137306
0.8138615489006042 0.44211408495903015 -0.0946040078997612
0.8503016233444214 0.3912220597267151 -0.12044860422611237
0.8839713931083679 0.35121098160743713 -0.1399966925382614
0.7160660624504089 0.4973563849925995 -0.06911194324493408
0.7668193578720093 0.3782544732093811 -0.10084933787584305
0.7961214780807495 0.3126415014266968 -0.12653294205665588
0.823694109916687 0.26206302642822266 -0.14666815102100372
0.6710074543952942 0.4913414716720581 -0.0804462879896164
0.7035559415817261 0.3733980655670166 -0.11489223688840866
0.7238154411315918 0.31904852390289307 -0.1366671621799469
0.7450178861618042 0.2812960147857666 -0.15353552997112274
0.6177958250045776 0.5008853673934937 -0.09367867559194565
0.6173492670059204 0.4316750764846802 -0.1294618844985962
0.6215324997901917 0.4257913827896118 -0.14393773674964905
0.6284741163253784 0.4328349530696869 -0.15328329801559448
