0.4701331853866577 0.709544837474823 2.7151415338266816e-07
0.5088274478912354 0.6578056216239929 -0.014842611737549305
0.5352591276168823 0.5929904580116272 -0.030007656663656235
0.5457901954650879 0.5459564924240112 -0.04309845343232155
0.5396416187286377 0.515302836894989 -0.05923089012503624
0.5060005187988281 0.5656093955039978 -0.05968537926673889
0.48110881447792053 0.47183334827423096 -0.08452551811933517
0.4564167559146881 0.41167229413986206 -0.09702769666910172
0.43661805987358093 0.364833801984787 -0.10498449206352234
0.46656444668769836 0.5856465101242065 -0.06812160462141037
0.4217177629470825 0.4844871163368225 -0.09291249513626099
0.3886938989162445 0.4149521589279175 -0.1087833121418953
0.3639903962612152 0.35548174381256104 -0.12039834260940552
0.43193912506103516 0.6178857088088989 -0.0741262286901474
0.3982014060020447 0.5411608815193176 -0.0983860045671463
0.3738730251789093 0.49338454008102417 -0.11078199744224548
0.35506123304367065 0.45091187953948975 -0.11849497258663177
0.40141749382019043 0.6561688184738159 -0.07955891638994217
0.36806726455688477 0.613755464553833 -0.1022469699382782
0.3462618887424469 0.5849324464797974 -0.10927484184503555
0.32779720425605774 0.5561138987541199 -0.1124303862452507
