0.8186813592910767 0.7513728737831116 7.393801411126333e-07
0.8566392064094543 0.6292192935943604 -0.019782833755016327
0.8709812164306641 0.49153852462768555 -0.0348128117620945
0.8808160424232483 0.3760058283805847 -0.05137014389038086
0.9097376465797424 0.2914917767047882 -0.06976217031478882
0.7672966718673706 0.37306421995162964 -0.019044572487473488
0.7549424767494202 0.22430409491062164 -0.0494065135717392
0.7482314705848694 0.13044163584709167 -0.07575317472219467
0.743799090385437 0.04837426543235779 -0.09481582790613174
0.7160225510597229 0.39428243041038513 -0.03157554194331169
0.6746724247932434 0.2382456213235855 -0.05868760123848915
0.6476139426231384 0.1375703513622284 -0.08278217166662216
0.6251955628395081 0.05062726140022278 -0.10046644508838654
0.6739932298660278 0.4417422115802765 -0.04799312725663185
0.6228427290916443 0.292972207069397 -0.07624490559101105
0.5953634977340698 0.19042925536632538 -0.09684871137142181
0.575369656085968 0.10057345032691956 -0.11076144874095917
0.6385494470596313 0.5118173360824585 -0.0662122368812561
0.5881748199462891 0.40454623103141785 -0.09287271648645401
0.5600118637084961 0.326893150806427 -0.10514438897371292
0.5372236967086792 0.25193333625793457 -0.11242546141147614
