0.5938990712165833 0.819692850112915 2.0107462717078306e-07
0.6470918655395508 0.724150538444519 0.011196532286703587
0.6462156772613525 0.609538733959198 0.015772690996527672
0.6443436145782471 0.5309669375419617 0.01325170136988163
0.6633155345916748 0.4707027077674866 0.007802534382790327
0.6000646948814392 0.49770134687423706 0.008993852883577347
0.5924538373947144 0.3793191909790039 -0.011204041540622711
0.5975295305252075 0.3069714307785034 -0.026578059419989586
0.6055828928947449 0.24552670121192932 -0.0382457971572876
0.5754376649856567 0.5010854601860046 -0.015458350069820881
0.5593501925468445 0.360177218914032 -0.03782714530825615
0.5590697526931763 0.2686014771461487 -0.05532734468579292
0.5600703358650208 0.190675288438797 -0.06741886585950851
0.5547631978988647 0.5280293822288513 -0.041808199137449265
0.5289246439933777 0.39451295137405396 -0.06560587882995605
0.5221042037010193 0.30664631724357605 -0.08119296282529831
0.519026517868042 0.2285567820072174 -0.09144830703735352
0.5358508229255676 0.5766612887382507 -0.0675497055053711
0.5023503303527832 0.47523441910743713 -0.0919332504272461
0.49330633878707886 0.40201160311698914 -0.10388767719268799
0.4895995259284973 0.33271610736846924 -0.11190017312765121
