0.289063423871994 0.5015884041786194 6.39399104329641e-07
0.37999704480171204 0.47718194127082825 -0.029217582195997238
0.44880756735801697 0.4164814352989197 -0.04351968318223953
0.5059904456138611 0.35861942172050476 -0.05462678149342537
0.5484611988067627 0.32066240906715393 -0.06547562032938004
0.3727155029773712 0.2513276934623718 -0.022418569773435593
0.396508127450943 0.14438405632972717 -0.028919212520122528
0.410630464553833 0.07465170323848724 -0.03562340512871742
0.42139264941215515 0.02326171100139618 -0.041110459715127945
0.31413236260414124 0.2307557910680771 -0.014204582199454308
0.3080134689807892 0.1237691193819046 -0.012355375103652477
0.3117920160293579 0.07593207061290741 -0.011731146834790707
0.3169221580028534 0.04709447920322418 -0.012561051174998283
0.26256850361824036 0.23757533729076385 -0.008569447323679924
0.24804525077342987 0.146238774061203 -0.007834076881408691
0.24455693364143372 0.10216937959194183 -0.004023860674351454
0.24082423746585846 0.0785176157951355 -0.0024981286842375994
0.21975354850292206 0.264253169298172 -0.006233585998415947
0.19752739369869232 0.19583819806575775 -0.007477271370589733
0.1854441612958908 0.15859496593475342 -0.0031543541699647903
0.17681582272052765 0.13469815254211426 0.0018716183258220553
