0.5636773109436035 0.49910542368888855 5.904467457185092e-07
0.6157341599464417 0.582572877407074 -0.029705476015806198
0.6993290781974792 0.6318086385726929 -0.04451868683099747
0.7689521312713623 0.6772559285163879 -0.059067338705062866
0.8075231909751892 0.7430554032325745 -0.07392055541276932
0.8174479007720947 0.5517401099205017 -0.020318839699029922
0.9163610935211182 0.5616294741630554 -0.04629635810852051
0.9789111018180847 0.5643465518951416 -0.06910654157400131
1.0295403003692627 0.564731240272522 -0.08532222360372543
0.8198345899581909 0.4893377721309662 -0.02578646130859852
0.9287554025650024 0.49305814504623413 -0.04653814062476158
0.9955765008926392 0.4964040517807007 -0.06492187082767487
1.0486677885055542 0.5006422996520996 -0.078083336353302
0.8044124841690063 0.433224081993103 -0.03618598356842995
0.9070518016815186 0.4253617823123932 -0.055105775594711304
0.971419632434845 0.4288965165615082 -0.06784261018037796
1.023187518119812 0.43930038809776306 -0.07709260284900665
0.7720459699630737 0.37703922390937805 -0.05040201544761658
0.8469692468643188 0.3494541645050049 -0.06630939990282059
0.8962138295173645 0.34542563557624817 -0.0712178647518158
0.9406489133834839 0.35106611251831055 -0.07417818158864975
