0.10344997048377991 0.9503543972969055 1.857173828057057e-07
0.08727875351905823 0.8755397796630859 -0.02332681603729725
0.07968500256538391 0.8107675909996033 -0.04570532590150833
0.06891225278377533 0.773523211479187 -0.06641863286495209
0.06557315587997437 0.7591612935066223 -0.08756684511899948
0.20867963135242462 0.7701840996742249 -0.03554806113243103
0.2733464539051056 0.711021900177002 -0.05036047101020813
0.2923979163169861 0.6743212938308716 -0.06377889215946198
0.29675623774528503 0.6534388065338135 -0.07214254140853882
0.24149994552135468 0.8202850818634033 -0.03420521318912506
0.30311739444732666 0.7616333365440369 -0.04291067272424698
0.3085830807685852 0.7234321236610413 -0.051699087023735046
0.29381829500198364 0.7079442739486694 -0.05795704573392868
0.25835561752319336 0.8740124702453613 -0.0337245911359787
0.3098962903022766 0.8183040618896484 -0.03644577041268349
0.3058170676231384 0.7861952185630798 -0.03623106703162193
0.28812116384506226 0.7746227979660034 -0.0367894284427166
0.26417550444602966 0.92740797996521 -0.03553029149770737
0.3025662302970886 0.8868489265441895 -0.03637951985001564
0.29989710450172424 0.8633919954299927 -0.03045579604804516
0.28661808371543884 0.8568555116653442 -0.02470323070883751
