0.3115818202495575 0.8188713788986206 2.3936257775858394e-07
0.3473883271217346 0.7836356163024902 -0.005591438151896
0.3738655149936676 0.725371241569519 -0.006760120391845703
0.3876952826976776 0.6730332374572754 -0.006417643744498491
0.39234083890914917 0.6296842694282532 -0.006854359060525894
0.3629002273082733 0.7284219861030579 -0.010443123988807201
0.3750159442424774 0.6766341328620911 -0.014776717871427536
0.37802985310554504 0.6408812403678894 -0.018031591549515724
0.3784264922142029 0.6126256585121155 -0.020719217136502266
0.3363367021083832 0.7247001528739929 -0.010502996854484081
0.34773704409599304 0.6748538017272949 -0.012828949838876724
0.3498784601688385 0.6371662020683289 -0.016607847064733505
0.3497268259525299 0.6102912425994873 -0.021011749282479286
0.30827760696411133 0.7240159511566162 -0.010710770264267921
0.3159871995449066 0.6766825318336487 -0.013751653023064137
0.31574681401252747 0.6445649862289429 -0.01539656799286604
0.3147392272949219 0.6212009191513062 -0.017772696912288666
0.28144416213035583 0.7269651293754578 -0.010837366804480553
0.2835676968097687 0.6871623396873474 -0.015538062900304794
0.2836363911628723 0.6613457798957825 -0.01639452390372753
0.2840694487094879 0.6404205560684204 -0.016964122653007507
