0.5869793891906738 0.49636372923851013 6.460341523961688e-07
0.632414698600769 0.5669321417808533 -0.04863354191184044
0.6956210136413574 0.6207059621810913 -0.07943940162658691
0.7476475238800049 0.6771435737609863 -0.10670454055070877
0.7844687104225159 0.7378246784210205 -0.13558587431907654
0.796191394329071 0.48092523217201233 -0.0617891363799572
0.885426938533783 0.4642093777656555 -0.09871763736009598
0.9428815841674805 0.4447973668575287 -0.12693175673484802
0.9910612106323242 0.4272788166999817 -0.1473398357629776
0.7915307879447937 0.40497565269470215 -0.06163926422595978
0.8857741355895996 0.3562887907028198 -0.09446278214454651
0.9458068609237671 0.3268249034881592 -0.12002897262573242
0.9949080944061279 0.30360037088394165 -0.13819219172000885
0.7661813497543335 0.34493696689605713 -0.06567231565713882
0.8491984009742737 0.28147512674331665 -0.09623333066701889
0.9067234992980957 0.2419513314962387 -0.11975070834159851
0.9561774134635925 0.21203850209712982 -0.13578878343105316
0.7253130674362183 0.3013530373573303 -0.07370907813310623
0.7730075716972351 0.2268175482749939 -0.10438576340675354
0.8086214065551758 0.17292165756225586 -0.1210147887468338
0.8420488834381104 0.12800130248069763 -0.13061848282814026
