0.5363509654998779 0.9330340623855591 4.054652436025208e-07
0.6110570430755615 0.8724346160888672 -0.021872881799936295
0.6725749373435974 0.7617114782333374 -0.026814505457878113
0.7110660076141357 0.6713752746582031 -0.0330720879137516
0.7272136211395264 0.5976395010948181 -0.039775021374225616
0.6280511617660522 0.6233924031257629 -0.011029044166207314
0.6620060205459595 0.4998222589492798 -0.03398030996322632
0.6773305535316467 0.423916220664978 -0.05352422595024109
0.6876376271247864 0.360538125038147 -0.06729252636432648
0.5843480229377747 0.6046266555786133 -0.0200860183686018
0.6039184927940369 0.4624912142753601 -0.03983811289072037
0.6100166440010071 0.3708518147468567 -0.05918700620532036
0.6119053363800049 0.2994169592857361 -0.07292114943265915
0.53817218542099 0.6126622557640076 -0.033769622445106506
0.5418237447738647 0.473702609539032 -0.05512356758117676
0.5427515506744385 0.3898874521255493 -0.07347334176301956
0.5441843867301941 0.3223598897457123 -0.08641760051250458
0.4882954955101013 0.6456456184387207 -0.050020720809698105
0.461595743894577 0.5503649711608887 -0.07348013669252396
0.44553714990615845 0.4848286509513855 -0.08589852601289749
0.4339580535888672 0.42615628242492676 -0.09334969520568848
