0.45464593172073364 0.7838888168334961 -1.852995126228052e-07
0.4026395380496979 0.7135883569717407 0.015304080210626125
0.3722993731498718 0.6134816408157349 0.013802281580865383
0.35989058017730713 0.5456581115722656 0.002123049460351467
0.33993780612945557 0.48965129256248474 -0.011784047819674015
0.3809645175933838 0.4691704213619232 0.031248394399881363
0.3462998569011688 0.40743279457092285 -0.004488345701247454
0.32096952199935913 0.4231589138507843 -0.042024821043014526
0.3069292902946472 0.4504983127117157 -0.06305644661188126
0.41308900713920593 0.4413764476776123 0.0020374844316393137
0.38807082176208496 0.3096824884414673 -0.015933001413941383
0.36740484833717346 0.2334156334400177 -0.03657355159521103
0.35043591260910034 0.1782713532447815 -0.052141156047582626
0.451360285282135 0.4466099441051483 -0.032515570521354675
0.4404091238975525 0.3039782643318176 -0.04993099346756935
0.4316279888153076 0.22312551736831665 -0.06094016879796982
0.4250411093235016 0.15820223093032837 -0.07015444338321686
0.4942359924316406 0.47827500104904175 -0.06740730255842209
0.5023854374885559 0.37088966369628906 -0.07908790558576584
0.5071257948875427 0.30533695220947266 -0.07676291465759277
0.5105050802230835 0.2510673999786377 -0.07562281936407089
