0.882233738899231 0.5082290768623352 5.966059575257532e-07
0.8511611223220825 0.6117368936538696 -0.03691396117210388
0.7853444218635559 0.7079048156738281 -0.058000773191452026
0.7389130592346191 0.7893146276473999 -0.07581820338964462
0.7181363105773926 0.8637632131576538 -0.09392742812633514
0.6621761322021484 0.6146600842475891 -0.03297994285821915
0.5667272210121155 0.6433361172676086 -0.058733630925416946
0.5072680115699768 0.6592063307762146 -0.08119572699069977
0.4583803415298462 0.6677109599113464 -0.09735780954360962
0.6492934823036194 0.5486155152320862 -0.03451331704854965
0.5436867475509644 0.5594406723976135 -0.05391988158226013
0.47815901041030884 0.5724260807037354 -0.07367513328790665
0.42407146096229553 0.5825628638267517 -0.08898108452558517
0.6551882028579712 0.4874173104763031 -0.04074002057313919
0.5580828189849854 0.48778659105300903 -0.05862311273813248
0.49761533737182617 0.4971514642238617 -0.07404455542564392
0.44779521226882935 0.5092277526855469 -0.08639348298311234
0.6764378547668457 0.43118172883987427 -0.05060862749814987
0.6065236926078796 0.4155000150203705 -0.0652628168463707
0.5600985288619995 0.41233786940574646 -0.07141183316707611
0.5196972489356995 0.4149647653102875 -0.07640010118484497
