0.5356656908988953 0.7804157733917236 4.5278625293576624e-07
0.5990148186683655 0.7065979838371277 -0.016758110374212265
0.6412027478218079 0.6080317497253418 -0.023738006129860878
0.6623263955116272 0.5214455127716064 -0.02972226031124592
0.6725277900695801 0.4579315483570099 -0.0365404449403286
0.6082281470298767 0.5160439014434814 -0.021546948701143265
0.6221631169319153 0.3996545076370239 -0.040424592792987823
0.6262503862380981 0.32431715726852417 -0.055202681571245193
0.6290541291236877 0.2616367042064667 -0.06576161831617355
0.5636839866638184 0.5064338445663452 -0.02526392601430416
0.5641604065895081 0.37554118037223816 -0.044010937213897705
0.5603459477424622 0.2852832078933716 -0.060655079782009125
0.5568963885307312 0.21262186765670776 -0.07253198325634003
0.5201164484024048 0.5148822069168091 -0.0307698342949152
0.5098329782485962 0.393084317445755 -0.0504743717610836
0.5034512877464294 0.30943286418914795 -0.06748190522193909
0.49837395548820496 0.24537622928619385 -0.07880669087171555
0.4790235161781311 0.5388520956039429 -0.037256866693496704
0.443568617105484 0.4524728059768677 -0.05832616239786148
0.42213523387908936 0.3934090733528137 -0.07077621668577194
0.40556859970092773 0.34371018409729004 -0.0779072493314743
