0.8711453676223755 0.5944589376449585 7.190464543782582e-07
0.8063960671424866 0.6860510110855103 -0.023525120690464973
0.7182132601737976 0.7359975576400757 -0.04257519915699959
0.6485009789466858 0.7719950675964355 -0.06020941212773323
0.6009423732757568 0.8193527460098267 -0.07880616188049316
0.6335713863372803 0.6133396029472351 -0.03671245276927948
0.5382168292999268 0.5576120615005493 -0.06534846872091293
0.4810717701911926 0.5141021609306335 -0.08691950142383575
0.4381866455078125 0.47350776195526123 -0.10055820643901825
0.6450235247612 0.5474640727043152 -0.04506678879261017
0.5354055762290955 0.48439377546310425 -0.06724396347999573
0.46633949875831604 0.4389100968837738 -0.08401985466480255
0.4117201566696167 0.398162841796875 -0.09586760401725769
0.671494722366333 0.4930439591407776 -0.056161705404520035
0.5653536915779114 0.432254433631897 -0.0772048681974411
0.4974358081817627 0.39190179109573364 -0.09140006452798843
0.4425816535949707 0.3590102195739746 -0.10094653069972992
0.7088200449943542 0.44637852907180786 -0.0692150667309761
0.6318365335464478 0.3954128623008728 -0.0866488441824913
0.5780102610588074 0.3642715513706207 -0.09307301789522171
0.5307493209838867 0.33863365650177 -0.09665655344724655
