0.7600613832473755 0.4950818121433258 -6.965278203097114e-07
0.7403883934020996 0.6077507734298706 -0.04283542186021805
0.6905322670936584 0.7191781997680664 -0.06409893184900284
0.6623446941375732 0.8167807459831238 -0.08235600590705872
0.6641953587532043 0.89984130859375 -0.09348443150520325
0.5806533098220825 0.6404233574867249 -0.0248428825289011
0.5911715030670166 0.641836404800415 -0.048787642270326614
0.6400021314620972 0.6213563680648804 -0.056816838681697845
0.6361722946166992 0.6172037124633789 -0.06359942257404327
0.5598714351654053 0.5654302835464478 -0.02085183933377266
0.5889673233032227 0.5672302842140198 -0.05032940208911896
0.6475830078125 0.5609720945358276 -0.052948664873838425
0.6384913921356201 0.5637276768684387 -0.053036533296108246
0.5642150640487671 0.4909208416938782 -0.023030107840895653
0.5757997632026672 0.4977496862411499 -0.05769956856966019
0.6305023431777954 0.5006408095359802 -0.04453818500041962
0.6313401460647583 0.5040462613105774 -0.03146377578377724
0.5783079862594604 0.427787184715271 -0.029432052746415138
0.5684215426445007 0.42391473054885864 -0.0500372089445591
0.6061623692512512 0.43630528450012207 -0.038670867681503296
0.6121037006378174 0.4443354904651642 -0.027483686804771423
