0.5350031852722168 0.5176252722740173 -1.1108720627817092e-06
0.558127224445343 0.6487026810646057 -0.05330416560173035
0.5793901085853577 0.7820978164672852 -0.11250409483909607
0.5902976989746094 0.9036674499511719 -0.16029855608940125
0.5837929844856262 0.9969770908355713 -0.2091728001832962
0.570143461227417 0.6915047764778137 -0.17765966057777405
0.7067431211471558 0.7505383491516113 -0.22602230310440063
0.7544601559638977 0.7610874176025391 -0.2533351480960846
0.761534571647644 0.7607752680778503 -0.27511051297187805
0.5823230147361755 0.5926092863082886 -0.17488215863704681
0.7295234799385071 0.6649576425552368 -0.21395480632781982
0.7704010009765625 0.672936201095581 -0.2176598608493805
0.7778984904289246 0.6680991649627686 -0.2324620485305786
0.5945702791213989 0.5072985887527466 -0.16634096205234528
0.7160463929176331 0.5783000588417053 -0.19989678263664246
0.7453849911689758 0.5829222798347473 -0.18533065915107727
0.7527619004249573 0.5825003981590271 -0.18407659232616425
0.6073151230812073 0.44189077615737915 -0.16138407588005066
0.6897258758544922 0.4858900010585785 -0.1901450753211975
0.7133249044418335 0.4939557611942291 -0.18047676980495453
0.7181146144866943 0.5009221434593201 -0.17726334929466248
