0.6134145259857178 0.6043423414230347 -1.8433496506986558e-07
0.6018948554992676 0.6724644303321838 -0.04392758011817932
0.6055454611778259 0.7615171074867249 -0.10051213204860687
0.6211916208267212 0.8515043258666992 -0.1487169861793518
0.6395701169967651 0.9316685795783997 -0.2011626660823822
0.6036140322685242 0.7109664678573608 -0.1633690446615219
0.611320972442627 0.7469988465309143 -0.2191835194826126
0.61727374792099 0.738143801689148 -0.24507558345794678
0.6188540458679199 0.7287644147872925 -0.2595803439617157
0.6229051947593689 0.6674726009368896 -0.16541768610477448
0.6237028241157532 0.70831298828125 -0.21061019599437714
0.6226465106010437 0.6975042223930359 -0.2112284004688263
0.6230891942977905 0.6893302202224731 -0.2158820629119873
0.6422405242919922 0.6240132451057434 -0.1647881269454956
0.6391995549201965 0.6669546961784363 -0.20177681744098663
0.6451124548912048 0.6685792803764343 -0.18795257806777954
0.6498255133628845 0.6662901639938354 -0.1817638874053955
0.6636896729469299 0.5784144401550293 -0.16751466691493988
0.6701937913894653 0.6353315711021423 -0.19867458939552307
0.6832830905914307 0.673990786075592 -0.19238191843032837
0.6933074593544006 0.7005457878112793 -0.18899260461330414
