0.7994013428688049 0.5632199645042419 -8.604100116826885e-07
0.78125 0.6530739665031433 -0.03858186677098274
0.7391922473907471 0.7542296648025513 -0.06274505704641342
0.7075984477996826 0.8463367819786072 -0.08295412361621857
0.6922313570976257 0.9251465797424316 -0.09874182194471359
0.6109456419944763 0.7099045515060425 -0.034324951469898224
0.6464634537696838 0.7014690041542053 -0.06604521721601486
0.7012519240379333 0.6797507405281067 -0.08546692132949829
0.7163291573524475 0.6732593774795532 -0.097621850669384
0.58860182762146 0.6336489319801331 -0.03176719322800636
0.6461410522460938 0.6282250881195068 -0.0612177811563015
0.7116411328315735 0.6224969625473022 -0.07214755564928055
0.7271144390106201 0.6295533776283264 -0.07721643894910812
0.5885858535766602 0.5570878982543945 -0.03326696902513504
0.6436976194381714 0.553407609462738 -0.06747379899024963
0.705417275428772 0.5587331056594849 -0.06325872987508774
0.7220516800880432 0.570113480091095 -0.05508482828736305
0.600064218044281 0.4873046875 -0.0380592867732048
0.6365528106689453 0.48694634437561035 -0.060310933738946915
0.6886188983917236 0.49616092443466187 -0.05233030393719673
0.7063921093940735 0.5064579844474792 -0.041228633373975754
