0.7040383219718933 0.4181971848011017 -2.7455723028424472e-08
0.6924638152122498 0.49807578325271606 -0.04486459493637085
0.6923413872718811 0.5805440545082092 -0.07536930590867996
0.6986497044563293 0.636114239692688 -0.09986241906881332
0.6921009421348572 0.6896265745162964 -0.12291251122951508
0.7678440809249878 0.5340890288352966 -0.08075099438428879
0.6429218053817749 0.5370218753814697 -0.1153760701417923
0.6512464284896851 0.5277429223060608 -0.1349521428346634
0.6803613305091858 0.5223442316055298 -0.1504744440317154
0.7763011455535889 0.4493243098258972 -0.07521679252386093
0.6332182884216309 0.4631063640117645 -0.0998610183596611
0.6589580774307251 0.46187660098075867 -0.10264613479375839
0.7017545104026794 0.461500346660614 -0.11072233319282532
0.7703657746315002 0.37625759840011597 -0.07159817218780518
0.6380530595779419 0.3941691815853119 -0.09065598994493484
0.6618059873580933 0.3960610032081604 -0.07671806961297989
0.7060987949371338 0.3990459144115448 -0.07065851241350174
0.7572489380836487 0.31207704544067383 -0.07494146376848221
0.6583842039108276 0.33521395921707153 -0.09573376178741455
0.67357337474823 0.34178394079208374 -0.09513702243566513
0.709918200969696 0.3373674750328064 -0.09388896822929382
