0.7008824348449707 0.5329548120498657 -8.45131864934956e-07
0.6839143633842468 0.6476672291755676 -0.06651020795106888
0.648468017578125 0.7569790482521057 -0.10190470516681671
0.6089993119239807 0.8270520567893982 -0.12305694818496704
0.5516723394393921 0.8811565637588501 -0.13542547821998596
0.5832456946372986 0.6510835886001587 -0.12083180248737335
0.7160757780075073 0.7020280361175537 -0.16030967235565186
0.7296621799468994 0.7164399027824402 -0.17054960131645203
0.7070677280426025 0.7189162969589233 -0.17618697881698608
0.5939315557479858 0.5411689281463623 -0.10796083509922028
0.7761881351470947 0.6108223795890808 -0.14566543698310852
0.7611009478569031 0.6289015412330627 -0.14448721706867218
0.7236190438270569 0.627338171005249 -0.14514288306236267
0.6190914511680603 0.4488125443458557 -0.09686116874217987
0.7806887626647949 0.5342309474945068 -0.13740690052509308
0.7628635168075562 0.5444266200065613 -0.11123646795749664
0.7287157773971558 0.5347316861152649 -0.08906049281358719
0.6486600637435913 0.37632089853286743 -0.09336815774440765
0.7556275129318237 0.4437968134880066 -0.13627123832702637
0.7470368146896362 0.46118324995040894 -0.12831591069698334
0.7187931537628174 0.4564567804336548 -0.11346157640218735
