0.7031362056732178 0.4693507254123688 -8.078735902472545e-08
0.6914867162704468 0.5511248707771301 -0.02776671200990677
0.6866552829742432 0.626909077167511 -0.048511896282434464
0.6816697716712952 0.6858686208724976 -0.06712635606527328
0.6652324795722961 0.7474963068962097 -0.08544077724218369
0.7546683549880981 0.5952128767967224 -0.048294566571712494
0.6415186524391174 0.5935990810394287 -0.0819489061832428
0.6308282017707825 0.5905494093894958 -0.10886143147945404
0.639765202999115 0.600153386592865 -0.1284247636795044
0.7672702074050903 0.5244292616844177 -0.04958589747548103
0.6336637735366821 0.5331995487213135 -0.07138894498348236
0.6448702216148376 0.5247784852981567 -0.08074134588241577
0.6752232313156128 0.5273240804672241 -0.09383977204561234
0.7661758065223694 0.4582195281982422 -0.05335969477891922
0.6403155326843262 0.46583127975463867 -0.07011698931455612
0.6538744568824768 0.46178704500198364 -0.06571247428655624
0.6838437914848328 0.4704086184501648 -0.06723901629447937
0.7584289908409119 0.39862412214279175 -0.06209610402584076
0.6602100133895874 0.40729665756225586 -0.07680673152208328
0.66866135597229 0.4050145447254181 -0.0767589807510376
0.695579469203949 0.3973390758037567 -0.07812682539224625
