0.672494113445282 0.5027320384979248 -1.739569199799007e-07
0.6613666415214539 0.5741474032402039 -0.007891162298619747
0.6677262187004089 0.6512101292610168 -0.03936973586678505
0.6781101822853088 0.7211343050003052 -0.06841390579938889
0.681944727897644 0.7844087481498718 -0.09606564044952393
0.7515499591827393 0.6139604449272156 -0.11303965747356415
0.6406527161598206 0.6325162053108215 -0.15580564737319946
0.6291906833648682 0.6276599764823914 -0.16616517305374146
0.6475540995597839 0.6231876015663147 -0.16589082777500153
0.7630449533462524 0.5339310765266418 -0.12740527093410492
0.6136782765388489 0.570037841796875 -0.17476314306259155
0.6308410167694092 0.5616427659988403 -0.16473881900310516
0.6713643074035645 0.5529422760009766 -0.15157850086688995
0.7524113655090332 0.46509936451911926 -0.13681775331497192
0.6164698600769043 0.5069526433944702 -0.1722216159105301
0.6351777911186218 0.4997236430644989 -0.13768550753593445
0.6745657920837402 0.48780709505081177 -0.1077524945139885
0.7342289090156555 0.4031757414340973 -0.1454797089099884
0.6377779245376587 0.4396141767501831 -0.16061189770698547
0.6492331624031067 0.43917039036750793 -0.1312979757785797
0.6839355230331421 0.42893272638320923 -0.10986809432506561
