0.7606997489929199 0.5726510882377625 -8.819680488159065e-07
0.739385187625885 0.6676337718963623 -0.041864063590765
0.6854510307312012 0.7754057049751282 -0.06486242264509201
0.6518889665603638 0.8704374432563782 -0.08349219709634781
0.6382836699485779 0.9485546350479126 -0.095194973051548
0.5543233752250671 0.7182998061180115 -0.029462754726409912
0.6037020683288574 0.7250477075576782 -0.06477828323841095
0.6608524322509766 0.6986930966377258 -0.08437814563512802
0.6686819791793823 0.6858428120613098 -0.09606848657131195
0.5374780893325806 0.6429004073143005 -0.027255231514573097
0.6022447943687439 0.6496922969818115 -0.06223563104867935
0.6647176146507263 0.6368095874786377 -0.07066670805215836
0.6692846417427063 0.6351966261863708 -0.072767473757267
0.5441522002220154 0.5657891631126404 -0.031132865697145462
0.6005306243896484 0.570946455001831 -0.06786685436964035
0.6581339836120605 0.5728893876075745 -0.05800580605864525
0.6628645658493042 0.5784001350402832 -0.04604006186127663
0.5607551336288452 0.4928021728992462 -0.03951755911111832
0.5911621451377869 0.4919254183769226 -0.0604422427713871
0.6397871971130371 0.5056942105293274 -0.050074007362127304
0.6511619687080383 0.5173144340515137 -0.038003548979759216
