0.7548577785491943 0.593224287033081 -8.995031066660886e-07
0.7385262846946716 0.6857272982597351 -0.045078206807374954
0.6861353516578674 0.7903668284416199 -0.06979581713676453
0.6521128416061401 0.886425256729126 -0.08958861231803894
0.6363475322723389 0.9684133529663086 -0.10262481123209
0.5596524477005005 0.7274178862571716 -0.03733176365494728
0.614554226398468 0.7370861768722534 -0.07317954301834106
0.6665961742401123 0.7174237370491028 -0.0925651267170906
0.665982186794281 0.7064051032066345 -0.10487347096204758
0.5437816381454468 0.6495251655578613 -0.033991776406764984
0.6180996298789978 0.6621951460838318 -0.06818796694278717
0.6733658909797668 0.6569172739982605 -0.07541464269161224
0.6692866683006287 0.6533666253089905 -0.07845965772867203
0.5526284575462341 0.5717585682868958 -0.03678985312581062
0.6186476349830627 0.5823649764060974 -0.07495371252298355
0.6702314615249634 0.5890934467315674 -0.06606161594390869
0.6686025857925415 0.5908697247505188 -0.055522747337818146
0.5706696510314941 0.4995554983615875 -0.04428303241729736
0.6068244576454163 0.5017876625061035 -0.06766846776008606
0.6518898010253906 0.5211942791938782 -0.059799883514642715
0.6609509587287903 0.5323074460029602 -0.05014855042099953
