0.5655579566955566 0.4713079631328583 -1.038934058783525e-07
0.574241042137146 0.5815173387527466 -0.010759789496660233
0.5932497978210449 0.7079480886459351 -0.04412204772233963
0.6134592294692993 0.7878270149230957 -0.07529349625110626
0.610120415687561 0.8624129295349121 -0.10536447912454605
0.6031376123428345 0.6492018103599548 -0.11876954883337021
0.7713950872421265 0.6959630250930786 -0.1645955592393875
0.7319687604904175 0.6882766485214233 -0.17142845690250397
0.6758338212966919 0.6638081669807434 -0.16669398546218872
0.6195690631866455 0.550230860710144 -0.13236677646636963
0.8015495538711548 0.6220759749412537 -0.1805100291967392
0.754263162612915 0.6183501482009888 -0.17473283410072327
0.6971292495727539 0.5882182121276855 -0.16548269987106323
0.641894519329071 0.4706990420818329 -0.14099790155887604
0.8056712746620178 0.5367870926856995 -0.17373314499855042
0.7629855275154114 0.5359805226325989 -0.14320626854896545
0.7091672420501709 0.5150793194770813 -0.11778982728719711
0.6683907508850098 0.4015269875526428 -0.14916054904460907
0.7880815267562866 0.4641870856285095 -0.17014004290103912
0.7550203800201416 0.46875402331352234 -0.14670437574386597
0.7089784145355225 0.4454873204231262 -0.12649358808994293
