0.6332792043685913 0.4130402207374573 -2.7685234726959607e-07
0.6219788789749146 0.4979865849018097 -0.04499068856239319
0.6358222365379333 0.5862612724304199 -0.07443495094776154
0.6473960280418396 0.663917601108551 -0.09917522966861725
0.6671936511993408 0.7430781126022339 -0.12331705540418625
0.7154152989387512 0.5300064086914062 -0.07857052981853485
0.6117836236953735 0.5098922848701477 -0.12444409728050232
0.5931676626205444 0.51268470287323 -0.15327419340610504
0.6139987111091614 0.5238338112831116 -0.171500101685524
0.728667676448822 0.4483881890773773 -0.07527631521224976
0.611269474029541 0.43282029032707214 -0.10641854256391525
0.5973950028419495 0.44154947996139526 -0.11163659393787384
0.6229996681213379 0.4512113928794861 -0.11928614228963852
0.7260148525238037 0.3745717406272888 -0.0757676213979721
0.6223925948143005 0.36107462644577026 -0.10434315353631973
0.6020935773849487 0.3785102963447571 -0.09128952026367188
0.6223634481430054 0.3970280587673187 -0.08383997529745102
0.7146941423416138 0.30802100896835327 -0.08225150406360626
0.6419510841369629 0.2957074046134949 -0.10132575780153275
0.6179970502853394 0.31190136075019836 -0.09212883561849594
0.6214648485183716 0.3269951343536377 -0.0850825309753418
