0.6847562789916992 0.42781955003738403 -7.584516481529135e-08
0.6646831631660461 0.504097044467926 -0.042294807732105255
0.6637446284294128 0.5928069353103638 -0.06921571493148804
0.6714184880256653 0.6668145656585693 -0.09010879695415497
0.6846524477005005 0.7449473142623901 -0.10982467979192734
0.7401368618011475 0.5490790009498596 -0.0711890161037445
0.6245269775390625 0.5435723066329956 -0.10500318557024002
0.6332153677940369 0.5325413942337036 -0.12940587103366852
0.6624022722244263 0.5327461957931519 -0.1494341343641281
0.7522991895675659 0.4736948311328888 -0.06713926047086716
0.6207064390182495 0.4777757525444031 -0.09055665135383606
0.6461396217346191 0.4712199568748474 -0.09852386265993118
0.6863300204277039 0.47299739718437195 -0.1122540831565857
0.7515168190002441 0.4047662615776062 -0.06574746966362
0.6303261518478394 0.40996700525283813 -0.0846940279006958
0.6509685516357422 0.4087922275066376 -0.07711246609687805
0.6881951093673706 0.4183633029460907 -0.07786055654287338
0.7431885600090027 0.34397804737091064 -0.07034693658351898
0.6486718058586121 0.3506704568862915 -0.0907614529132843
0.6648381948471069 0.35464930534362793 -0.09314627200365067
0.6989439129829407 0.35316985845565796 -0.09660791605710983
