0.8588473796844482 0.4735477566719055 -6.941801302673412e-07
0.8217501044273376 0.590865969657898 -0.03951314091682434
0.7497578859329224 0.7094441652297974 -0.053221896290779114
0.7032772302627563 0.8033043146133423 -0.06578145921230316
0.6943454742431641 0.891718327999115 -0.06866396218538284
0.6590417623519897 0.652930498123169 0.0058699194341897964
0.6225386261940002 0.6518951058387756 -0.02850203588604927
0.6931775808334351 0.6358624696731567 -0.04536958411335945
0.7149897813796997 0.6429068446159363 -0.052713409066200256
0.6476290225982666 0.5864492654800415 0.012576427310705185
0.631453812122345 0.5818052887916565 -0.026658818125724792
0.7032462954521179 0.5706201791763306 -0.034968115389347076
0.7131031155586243 0.5802105069160461 -0.033159274607896805
0.6562792062759399 0.5179566144943237 0.009681785479187965
0.6276938915252686 0.5110424757003784 -0.03022625856101513
0.6870567798614502 0.5110151171684265 -0.0197578314691782
0.7069007158279419 0.5219728350639343 -0.0031482179183512926
0.6697405576705933 0.45224636793136597 0.0031283977441489697
0.6320762634277344 0.44167613983154297 -0.018461165949702263
0.6570593118667603 0.44888389110565186 -0.011072246357798576
0.6614874005317688 0.45910224318504333 0.0004977775970473886
