0.8322240710258484 0.46815061569213867 -7.13444364919269e-07
0.8079912662506104 0.5704399347305298 -0.038620829582214355
0.7390759587287903 0.6704841256141663 -0.0503959134221077
0.6688283681869507 0.7317028641700745 -0.060602203011512756
0.6129783987998962 0.7522807717323303 -0.06099926307797432
0.6568796634674072 0.6062361598014832 0.0020612645894289017
0.6004566550254822 0.6085622310638428 -0.03567915037274361
0.6693884134292603 0.5903609991073608 -0.051074154675006866
0.7039707899093628 0.584943950176239 -0.05551772192120552
0.6464021801948547 0.5364827513694763 0.004741284530609846
0.5908547043800354 0.5374627113342285 -0.0367170013487339
0.6709215641021729 0.5296868681907654 -0.043600499629974365
0.6903104782104492 0.5387003421783447 -0.03749667480587959
0.6473749876022339 0.4690973460674286 -0.002307608723640442
0.5928040146827698 0.45893561840057373 -0.04474760219454765
0.663187563419342 0.4596422612667084 -0.029440823942422867
0.6825422644615173 0.47250014543533325 -0.007981698960065842
0.6574287414550781 0.40369880199432373 -0.013058541342616081
0.6160929203033447 0.39272668957710266 -0.035836316645145416
0.6663513779640198 0.4016662538051605 -0.021705983206629753
0.6857402920722961 0.4158490300178528 -0.0048580048605799675
