0.8549080491065979 0.3735243082046509 -7.163509394558787e-07
0.8287565112113953 0.47439780831336975 -0.04062941297888756
0.7567412853240967 0.5847762823104858 -0.055042967200279236
0.7075591087341309 0.6726255416870117 -0.06896130740642548
0.6957998871803284 0.7486781477928162 -0.07198314368724823
0.6733782887458801 0.5353361368179321 -0.00020335378940217197
0.607765793800354 0.5305977463722229 -0.040456924587488174
0.6853336095809937 0.5144045948982239 -0.05479750409722328
0.7164689302444458 0.5188952684402466 -0.05786735191941261
0.6609774231910706 0.46974238753318787 0.003956892993301153
0.6076328754425049 0.4627089202404022 -0.03984232246875763
0.6966719627380371 0.4553016126155853 -0.04235043004155159
0.7056572437286377 0.47268933057785034 -0.03232556954026222
0.6572141051292419 0.4047771692276001 -0.002329863840714097
0.6037093997001648 0.39783114194869995 -0.043655503541231155
0.6793137788772583 0.3946094512939453 -0.02462766319513321
0.6948598623275757 0.4055290222167969 -0.0008408950525335968
0.6582313179969788 0.3438607454299927 -0.013011239469051361
0.6162682771682739 0.33074891567230225 -0.029972920194268227
0.6669131517410278 0.340006023645401 -0.013408527709543705
0.6843641996383667 0.35328567028045654 0.004439960699528456
