0.6130014657974243 0.4869890511035919 2.276479875717996e-07
0.6127027273178101 0.5986303091049194 -0.020301075652241707
0.6275749206542969 0.7014648914337158 -0.06081372871994972
0.6559914946556091 0.7335271239280701 -0.09569467604160309
0.6844998598098755 0.685311496257782 -0.12827903032302856
0.6171513795852661 0.6020421981811523 -0.1353859156370163
0.7831516861915588 0.5945810675621033 -0.1842859983444214
0.7610196471214294 0.6358413100242615 -0.1938280165195465
0.7065648436546326 0.6427634358406067 -0.1876937597990036
0.6194052696228027 0.4910469353199005 -0.14184334874153137
0.8052741289138794 0.5242531299591064 -0.19156970083713531
0.7705698013305664 0.5663132071495056 -0.18589438498020172
0.7100633978843689 0.5528571605682373 -0.17522257566452026
0.6393478512763977 0.4081689119338989 -0.14242810010910034
0.7971270084381104 0.45082300901412964 -0.16936993598937988
0.7676854729652405 0.4903727173805237 -0.1365223079919815
0.7183477878570557 0.48513466119766235 -0.10960415750741959
0.6657752394676208 0.3443131446838379 -0.14381802082061768
0.786134660243988 0.3916223645210266 -0.15221033990383148
0.7611545920372009 0.4239383935928345 -0.12158887088298798
0.7140887975692749 0.41428035497665405 -0.09833911806344986
