0.7306758165359497 0.4102773368358612 -7.584968102491985e-07
0.7258854508399963 0.5158683657646179 -0.038739342242479324
0.7689900398254395 0.640157163143158 -0.060412850230932236
0.8106629848480225 0.7337985038757324 -0.07760516554117203
0.839777410030365 0.819481611251831 -0.08917783945798874
0.8985476493835449 0.6465569138526917 -0.03951115161180496
0.789577066898346 0.6164103150367737 -0.08332546055316925
0.7498165965080261 0.5644329786300659 -0.11057305335998535
0.7727594375610352 0.5501101016998291 -0.128022700548172
0.9264339208602905 0.5759652256965637 -0.03811054676771164
0.7978407144546509 0.5390878915786743 -0.07603343576192856
0.7583156228065491 0.5032894015312195 -0.08421488851308823
0.7772592306137085 0.4987838864326477 -0.08709076046943665
0.9345162510871887 0.5011845827102661 -0.04255392402410507
0.8128161430358887 0.46361827850341797 -0.07698647677898407
0.7698496580123901 0.4447736144065857 -0.06789987534284592
0.7832049131393433 0.4486820101737976 -0.05828656256198883
0.932456374168396 0.42528244853019714 -0.05254305899143219
0.8376041054725647 0.39833059906959534 -0.07393606752157211
0.7943094372749329 0.3928243815898895 -0.07003244012594223
0.7971559762954712 0.40234148502349854 -0.062270235270261765
