0.531114935874939 0.403847336769104 -1.0720446752543467e-10
0.5515644550323486 0.5368008017539978 -0.01748344674706459
0.5987655520439148 0.6667544841766357 -0.04944474622607231
0.626774251461029 0.7676571607589722 -0.07926662266254425
0.6235465407371521 0.8595895767211914 -0.10780037939548492
0.6457456946372986 0.5896730422973633 -0.09572219848632812
0.8017139434814453 0.6121751070022583 -0.13753916323184967
0.7625465989112854 0.6230945587158203 -0.14966236054897308
0.7067619562149048 0.6159421801567078 -0.1491972953081131
0.6586899757385254 0.4917783737182617 -0.10243932157754898
0.8239275813102722 0.5372338891029358 -0.13833211362361908
0.7747548818588257 0.5526129603385925 -0.1361425668001175
0.7141671776771545 0.535225510597229 -0.1301116794347763
0.6683967113494873 0.4097177982330322 -0.10623347759246826
0.814293622970581 0.45574361085891724 -0.12994812428951263
0.7701646089553833 0.47167542576789856 -0.10581007599830627
0.7172606587409973 0.4619784355163574 -0.08538192510604858
0.6752815246582031 0.3403000235557556 -0.11048758029937744
0.7887619733810425 0.3927949070930481 -0.12404729425907135
0.7534531354904175 0.4071201682090759 -0.1015596017241478
0.7068494558334351 0.3928159773349762 -0.08239185065031052
