0.6818322539329529 0.5018455386161804 -8.983003567664127e-07
0.6670000553131104 0.6170113682746887 -0.06421589851379395
0.6345603466033936 0.7233309745788574 -0.10216754674911499
0.5972993969917297 0.7844506502151489 -0.1258789598941803
0.54082852602005 0.8366196155548096 -0.14232192933559418
0.5770596861839294 0.6021844744682312 -0.12425599247217178
0.7448738813400269 0.6450136303901672 -0.1635771095752716
0.7600191235542297 0.6644272804260254 -0.17838691174983978
0.7327204346656799 0.6708739399909973 -0.1896657794713974
0.5890796184539795 0.4962286949157715 -0.11272983998060226
0.7815514802932739 0.5684035420417786 -0.14844010770320892
0.7657155990600586 0.593174934387207 -0.15068089962005615
0.7240168452262878 0.5987951755523682 -0.15718257427215576
0.6140919923782349 0.40866023302078247 -0.1015622541308403
0.7803418636322021 0.5020474791526794 -0.13981856405735016
0.7646007537841797 0.5125113725662231 -0.11827874928712845
0.7268557548522949 0.5051771402359009 -0.10271196812391281
0.6447221040725708 0.34202438592910767 -0.09731708467006683
0.7589704990386963 0.4229445457458496 -0.138290137052536
0.7508665323257446 0.4339309334754944 -0.13191449642181396
0.7198094129562378 0.4247932434082031 -0.12124975025653839
