0.8643568754196167 0.35175931453704834 -7.315542802643904e-07
0.8228060007095337 0.4501244127750397 -0.035217057913541794
0.7323196530342102 0.5482458472251892 -0.04565850645303726
0.6714086532592773 0.6208183765411377 -0.05675703287124634
0.6495823860168457 0.6936918497085571 -0.059693753719329834
0.6656681895256042 0.4818671941757202 0.004569509532302618
0.6035106182098389 0.47076156735420227 -0.03802942484617233
0.674429178237915 0.4648028016090393 -0.058555472642183304
0.7161716818809509 0.46769949793815613 -0.0643768385052681
0.6555572748184204 0.4196345806121826 0.008117228746414185
0.6018166542053223 0.41097864508628845 -0.039071135222911835
0.6879827976226807 0.4109310805797577 -0.04705462604761124
0.7225916385650635 0.4169192910194397 -0.039319466799497604
0.6562185287475586 0.3610042929649353 0.0018143446650356054
0.6090092658996582 0.3497748374938965 -0.043212756514549255
0.6857396364212036 0.35688987374305725 -0.030621755868196487
0.7222528457641602 0.3641056418418884 -0.008263164199888706
0.6625894904136658 0.3069557547569275 -0.007760724518448114
0.621791660785675 0.2948112487792969 -0.027576051652431488
0.6733489036560059 0.3094133734703064 -0.014139753766357899
0.7008680701255798 0.32286590337753296 0.0028800824657082558
