0.8119727373123169 0.5336871147155762 -1.0979575790770468e-06
0.8262654542922974 0.6521382927894592 -0.0679796040058136
0.7986928224563599 0.7846839427947998 -0.10330826789140701
0.767156720161438 0.8714776039123535 -0.12520267069339752
0.7350171804428101 0.9599840044975281 -0.13911397755146027
0.6849079728126526 0.6814683675765991 -0.09952080994844437
0.8179996609687805 0.6488425135612488 -0.13648903369903564
0.8503710031509399 0.6424478888511658 -0.15057134628295898
0.83664470911026 0.6438428163528442 -0.15995734930038452
0.6598129272460938 0.5774831771850586 -0.08540540933609009
0.8382465839385986 0.5495486259460449 -0.11711834371089935
0.8505448698997498 0.562176525592804 -0.1196770966053009
0.8237967491149902 0.5740782618522644 -0.12473207712173462
0.6588237881660461 0.48761600255966187 -0.07436677068471909
0.8138737082481384 0.48442137241363525 -0.11049725860357285
0.8203288912773132 0.4988677501678467 -0.09273096919059753
0.7925921678543091 0.5101854801177979 -0.07840947806835175
0.6686777472496033 0.41724827885627747 -0.07046355307102203
0.7618367671966553 0.41699913144111633 -0.10663555562496185
0.7691581845283508 0.42638105154037476 -0.09992919117212296
0.7496930956840515 0.43305182456970215 -0.088196761906147
