0.8373614549636841 0.45202210545539856 -7.301635491785419e-07
0.8071015477180481 0.5590566396713257 -0.03555140644311905
0.7433927059173584 0.6694092154502869 -0.05120785906910896
0.6959846019744873 0.7568135857582092 -0.06762585788965225
0.6737586855888367 0.8298414945602417 -0.07615520805120468
0.6461429595947266 0.6092320084571838 0.0046039787121117115
0.6006759405136108 0.6129563450813293 -0.03676193580031395
0.6719337105751038 0.5921351313591003 -0.06088266521692276
0.706569492816925 0.5867984294891357 -0.07197371125221252
0.6321590542793274 0.5401572585105896 0.004227468743920326
0.5890967845916748 0.5426245927810669 -0.03964880853891373
0.6706092953681946 0.5330681800842285 -0.05106836557388306
0.6931648850440979 0.5394294857978821 -0.04886540398001671
0.6328366994857788 0.4697003662586212 -0.005732637830078602
0.5878218412399292 0.4644659459590912 -0.04621568322181702
0.6581035852432251 0.46499302983283997 -0.033182185143232346
0.6811842322349548 0.4734465479850769 -0.014474684372544289
0.6432127356529236 0.4026518166065216 -0.019581275060772896
0.6082602143287659 0.3944491744041443 -0.037641409784555435
0.6575223803520203 0.40828657150268555 -0.02294767089188099
0.6769593358039856 0.42158183455467224 -0.007001164369285107
