0.5602600574493408 0.4258527159690857 1.3424521227989317e-07
0.5237551331520081 0.5156478881835938 -0.011738748289644718
0.4728664457798004 0.5992157459259033 -0.029904553666710854
0.4244585335254669 0.6593464612960815 -0.04473769664764404
0.37761735916137695 0.6882479786872864 -0.055812038481235504
0.4467850923538208 0.562656044960022 -0.05909872427582741
0.3521197736263275 0.5586002469062805 -0.08346450328826904
0.3487287759780884 0.5524394512176514 -0.08722741156816483
0.36278200149536133 0.5587257146835327 -0.08565744757652283
0.44435039162635803 0.49198639392852783 -0.06358902901411057
0.3539770841598511 0.49230411648750305 -0.08389018476009369
0.3407451808452606 0.4899649918079376 -0.08213239163160324
0.34575003385543823 0.49358808994293213 -0.07954192906618118
0.4465560019016266 0.42204251885414124 -0.06669105589389801
0.3596317172050476 0.4243015944957733 -0.08217684924602509
0.33363404870033264 0.42117616534233093 -0.07362880557775497
0.32574033737182617 0.42602482438087463 -0.06690984964370728
0.4517178535461426 0.3590133786201477 -0.06914997845888138
0.3812626302242279 0.359811931848526 -0.08216314017772675
0.3460373282432556 0.35644805431365967 -0.07823161035776138
0.324791818857193 0.3603575825691223 -0.07322137802839279
