0.6646878719329834 0.48164990544319153 -2.955873696919298e-07
0.6620797514915466 0.5623796582221985 -0.030662648379802704
0.6696921586990356 0.6416152119636536 -0.052601780742406845
0.6735974550247192 0.7123748660087585 -0.07217536866664886
0.6768991351127625 0.787948489189148 -0.09030754864215851
0.7568075656890869 0.6212823390960693 -0.04765263944864273
0.6289912462234497 0.6282743811607361 -0.07778633385896683
0.6258196830749512 0.6033441424369812 -0.10207508504390717
0.653096616268158 0.5921968221664429 -0.12277059257030487
0.7653006315231323 0.5427858829498291 -0.04875216633081436
0.6188773512840271 0.5587742924690247 -0.06965172290802002
0.6299813985824585 0.5436879992485046 -0.07855010032653809
0.6665502786636353 0.5374845862388611 -0.09174609184265137
0.7585849761962891 0.47175800800323486 -0.0525231659412384
0.6219140887260437 0.49124693870544434 -0.07022468745708466
0.6327611207962036 0.4846014976501465 -0.06555075198411942
0.6739773154258728 0.4841218590736389 -0.0669584721326828
0.7439738512039185 0.40697547793388367 -0.06187976896762848
0.6439254879951477 0.4324093461036682 -0.07986608147621155
0.6430939435958862 0.42637157440185547 -0.08165707439184189
0.6706433892250061 0.4143103361129761 -0.08358284085988998
