0.5235900282859802 0.4244956970214844 8.420893493621406e-08
0.5376828908920288 0.5434791445732117 -0.0039335633628070354
0.569908618927002 0.6702474355697632 -0.02181972749531269
0.5959682464599609 0.7599689960479736 -0.04058600589632988
0.6008926033973694 0.8322627544403076 -0.06089317426085472
0.6110398769378662 0.632307231426239 -0.06334016472101212
0.75287264585495 0.6706935167312622 -0.09930779039859772
0.7551417350769043 0.6956713795661926 -0.11341093480587006
0.7242188453674316 0.6995341777801514 -0.11575447767972946
0.6333203315734863 0.5499883890151978 -0.07578693330287933
0.7854391932487488 0.6022951602935791 -0.11119192093610764
0.7588343024253845 0.6095080375671387 -0.11474807560443878
0.7078002095222473 0.5931253433227539 -0.1113767921924591
0.650926947593689 0.47354745864868164 -0.08550583571195602
0.7879197001457214 0.5268669128417969 -0.11240166425704956
0.7607076168060303 0.5295434594154358 -0.09605894982814789
0.7140995860099792 0.5142130255699158 -0.07886829972267151
0.6682407855987549 0.40150266885757446 -0.09460515528917313
0.7704001665115356 0.45537710189819336 -0.11594676971435547
0.745988667011261 0.46151700615882874 -0.10211337357759476
0.7070319056510925 0.4464980363845825 -0.08618933707475662
