0.8477470278739929 0.37710511684417725 -8.631392915958713e-07
0.8201867341995239 0.47822514176368713 -0.03788959980010986
0.7712911367416382 0.5917140245437622 -0.05976347252726555
0.7420799136161804 0.6901124715805054 -0.08004501461982727
0.7325308322906494 0.7645848393440247 -0.09519025683403015
0.6426945328712463 0.5297293663024902 -0.014873775653541088
0.6519074440002441 0.5302222371101379 -0.05280586704611778
0.7133734226226807 0.5153425335884094 -0.07846855372190475
0.7382802963256836 0.5052343606948853 -0.0920330360531807
0.6218283176422119 0.4538205564022064 -0.01317238062620163
0.6497849225997925 0.4503234028816223 -0.0492473803460598
0.7218944430351257 0.450771301984787 -0.06201774626970291
0.7436825633049011 0.45398303866386414 -0.06446202844381332
0.6231749057769775 0.38032567501068115 -0.01837902143597603
0.6485812067985535 0.37563037872314453 -0.057868946343660355
0.7172644138336182 0.3862844705581665 -0.05239472538232803
0.741841197013855 0.3948170840740204 -0.03934113681316376
0.6353319883346558 0.3155086040496826 -0.02705555222928524
0.6431081891059875 0.31253790855407715 -0.048343412578105927
0.6980589032173157 0.328763484954834 -0.03697521239519119
0.7233273386955261 0.34204256534576416 -0.02198820374906063
