0.7244573831558228 0.5142107009887695 -8.168752287929237e-07
0.7343392968177795 0.6212872266769409 -0.05390950292348862
0.7127687931060791 0.7479870319366455 -0.08197683840990067
0.6981168389320374 0.8423997759819031 -0.09875665605068207
0.6852880120277405 0.9267934560775757 -0.11008601635694504
0.616407036781311 0.6450986266136169 -0.08886481076478958
0.7300547361373901 0.6275971531867981 -0.11803659051656723
0.7480080723762512 0.6244696378707886 -0.1301417499780655
0.7358423471450806 0.6278547644615173 -0.13816574215888977
0.5992159843444824 0.5521025657653809 -0.07851828634738922
0.7467002272605896 0.5355570316314697 -0.10301239043474197
0.738577663898468 0.5562705397605896 -0.104026660323143
0.714128315448761 0.5691811442375183 -0.10719086974859238
0.6009597778320312 0.4699406027793884 -0.06943468749523163
0.7225926518440247 0.47106754779815674 -0.09649583697319031
0.7136387825012207 0.49263888597488403 -0.07466240972280502
0.68610018491745 0.504589319229126 -0.056744448840618134
0.6142295598983765 0.40323108434677124 -0.0663210079073906
0.6806086897850037 0.4064263701438904 -0.09522616118192673
0.6736208200454712 0.422951877117157 -0.08417803049087524
0.6500351428985596 0.43021535873413086 -0.06902424991130829
