0.7022709846496582 0.39138171076774597 -1.6483613762829918e-07
0.6801407337188721 0.47139841318130493 -0.04089146852493286
0.6695196032524109 0.556425154209137 -0.07062897831201553
0.6695536375045776 0.6315667629241943 -0.09502887725830078
0.6801096796989441 0.7061595916748047 -0.11861538887023926
0.7549359798431396 0.5144618153572083 -0.08495823293924332
0.6384654641151428 0.5053337812423706 -0.11839405447244644
0.6449982523918152 0.49441584944725037 -0.1380622535943985
0.6780094504356384 0.4917578101158142 -0.15493330359458923
0.7722108364105225 0.42931342124938965 -0.08237522095441818
0.6300793290138245 0.4277750551700592 -0.10514247417449951
0.6494008302688599 0.43153125047683716 -0.10913364589214325
0.6919440627098083 0.4354270100593567 -0.12051757425069809
0.7698715925216675 0.3553427457809448 -0.08075191080570221
0.6385496258735657 0.3615961968898773 -0.0990021601319313
0.6505897641181946 0.3676401376724243 -0.08575402945280075
0.6906136274337769 0.37322744727134705 -0.08269114792346954
0.7586129307746887 0.288200318813324 -0.0854574516415596
0.6551209688186646 0.30059072375297546 -0.10544747114181519
0.6559703946113586 0.3106849789619446 -0.10362361371517181
0.682070791721344 0.31187570095062256 -0.10326827317476273
