0.7629361748695374 0.5841439962387085 -9.186622946799616e-07
0.7504953742027283 0.6769768595695496 -0.05033307895064354
0.6940090656280518 0.7835402488708496 -0.07509379833936691
0.6581670045852661 0.8807485699653625 -0.09435426443815231
0.6408572793006897 0.9647805690765381 -0.10556146502494812
0.5697962641716003 0.7226676940917969 -0.03771844878792763
0.6270143985748291 0.7299626469612122 -0.07542932778596878
0.6788048148155212 0.7051374316215515 -0.09300026297569275
0.670283854007721 0.6959166526794434 -0.10362064093351364
0.5545639395713806 0.644656240940094 -0.033030178397893906
0.6322097182273865 0.6526682376861572 -0.06961065530776978
0.6894411444664001 0.6439204812049866 -0.07563640922307968
0.6747274398803711 0.646014928817749 -0.0771639421582222
0.5642499327659607 0.5650725364685059 -0.03563665598630905
0.6266050934791565 0.5746788382530212 -0.07756048440933228
0.6797675490379333 0.5780104398727417 -0.06725378334522247
0.6687371134757996 0.5830029249191284 -0.055089980363845825
0.58319091796875 0.49203598499298096 -0.04325837269425392
0.615275502204895 0.49482226371765137 -0.06842363625764847
0.6593537926673889 0.5125625729560852 -0.05972898378968239
0.6614084243774414 0.5246059894561768 -0.049317266792058945
