0.8401179313659668 0.46461158990859985 -1.437135637161191e-07
0.8248070478439331 0.5641610622406006 -0.04455401003360748
0.7868847250938416 0.6494233012199402 -0.08194686472415924
0.7471421360969543 0.6834214925765991 -0.11468199640512466
0.7136768102645874 0.6960949897766113 -0.14394548535346985
0.6682776808738708 0.5686578154563904 -0.06790786236524582
0.6031356453895569 0.5681262612342834 -0.11096610873937607
0.6023319363594055 0.5890424251556396 -0.13894928991794586
0.6280373334884644 0.6094968318939209 -0.15154637396335602
0.6596591472625732 0.4802009165287018 -0.06533430516719818
0.5731497406959534 0.46647047996520996 -0.10240814089775085
0.5845419764518738 0.48430097103118896 -0.11811908334493637
0.6235300302505493 0.5029894113540649 -0.12243936955928802
0.6671420335769653 0.4060535430908203 -0.06601233035326004
0.5845344066619873 0.3947543501853943 -0.0928221270442009
0.596411406993866 0.4147663116455078 -0.09033076465129852
0.6298631429672241 0.4321264922618866 -0.08273879438638687
0.6854985952377319 0.34407132863998413 -0.07014066725969315
0.6195010542869568 0.3418353199958801 -0.08475930988788605
0.6234085559844971 0.36168020963668823 -0.07634714245796204
0.6448953151702881 0.37746018171310425 -0.06531105190515518
