0.548794150352478 0.4574964642524719 -1.8886790087435656e-07
0.563086748123169 0.567005455493927 -0.004870261996984482
0.5825728178024292 0.6913744807243347 -0.031198855489492416
0.6054497957229614 0.7690978646278381 -0.056573715060949326
0.6198196411132812 0.8299943804740906 -0.08081522583961487
0.6019603610038757 0.6456573009490967 -0.10152771323919296
0.7700903415679932 0.6961876153945923 -0.14363901317119598
0.7332144379615784 0.6826037168502808 -0.14972259104251862
0.6767765879631042 0.6594414710998535 -0.14525392651557922
0.6195751428604126 0.550860583782196 -0.11731383204460144
0.7987099885940552 0.6242905855178833 -0.1636246293783188
0.7540853023529053 0.6123840808868408 -0.15913471579551697
0.6969475150108337 0.5821845531463623 -0.15055298805236816
0.6404638290405273 0.47028619050979614 -0.12855777144432068
0.8016536235809326 0.5349112749099731 -0.16222481429576874
0.7596560716629028 0.5277432799339294 -0.1342581808567047
0.7057538032531738 0.5062536001205444 -0.10996495932340622
0.6658931970596313 0.39574483036994934 -0.13884110748767853
0.7820094227790833 0.4558482766151428 -0.1623351126909256
0.7486928701400757 0.4567870497703552 -0.14102619886398315
0.7027765512466431 0.4339732527732849 -0.12136136740446091
