0.8126958608627319 0.5311027765274048 -8.216791798076883e-07
0.7812590599060059 0.6439706087112427 -0.03631382808089256
0.7043053507804871 0.7540128827095032 -0.050682272762060165
0.6534853577613831 0.841092586517334 -0.06341428309679031
0.640740692615509 0.9229462742805481 -0.06767113506793976
0.5979944467544556 0.6950826048851013 -0.001195391989313066
0.5863093137741089 0.6905784010887146 -0.03264716640114784
0.6589193344116211 0.6717759370803833 -0.048868682235479355
0.666054368019104 0.6713656187057495 -0.05907989293336868
0.5845871567726135 0.6236151456832886 0.00030795400380156934
0.5884542465209961 0.6172950267791748 -0.03392333909869194
0.6681426167488098 0.6140978336334229 -0.039319392293691635
0.6650727391242981 0.6242673993110657 -0.03719543665647507
0.590991735458374 0.5487462282180786 -0.006348985712975264
0.5899333953857422 0.542827844619751 -0.04282136633992195
0.6621617674827576 0.5517053604125977 -0.02796928770840168
0.6673038601875305 0.5635373592376709 -0.010922904126346111
0.6038904786109924 0.479461133480072 -0.016692563891410828
0.5949335694313049 0.47643375396728516 -0.03357136249542236
0.6484484076499939 0.49474674463272095 -0.01825334131717682
0.6596691012382507 0.5072274208068848 -0.002551930258050561
