0.7877467274665833 0.5207934975624084 -1.078647187569004e-06
0.8039889335632324 0.6412246823310852 -0.07542601972818375
0.7773916125297546 0.7768231630325317 -0.1155065968632698
0.7435426115989685 0.8709487915039062 -0.14032764732837677
0.7159408330917358 0.96750807762146 -0.15667186677455902
0.6607061624526978 0.689238429069519 -0.116122305393219
0.8005349040031433 0.6822407245635986 -0.16086944937705994
0.8358902931213379 0.671229898929596 -0.17654500901699066
0.8218674063682556 0.666188657283783 -0.18612271547317505
0.6335268020629883 0.5899973511695862 -0.09932917356491089
0.8109133243560791 0.5825006365776062 -0.14141079783439636
0.8335967063903809 0.5793130993843079 -0.14422845840454102
0.8127038478851318 0.5784342885017395 -0.14771470427513123
0.6316236853599548 0.4999258816242218 -0.08616852760314941
0.7898131608963013 0.5117795467376709 -0.13106004893779755
0.8061324954032898 0.5094091892242432 -0.11568541824817657
0.7843703031539917 0.5065535306930542 -0.10183442384004593
0.6431415677070618 0.4258146286010742 -0.08032548427581787
0.7487615346908569 0.4385026693344116 -0.12044371664524078
0.7610813975334167 0.43769025802612305 -0.11769522726535797
0.741986870765686 0.4340754449367523 -0.10904312878847122
