0.7123786807060242 0.43735289573669434 -1.1369014885076467e-07
0.6969962120056152 0.5122217535972595 -0.041219618171453476
0.6859226822853088 0.583882212638855 -0.0717020109295845
0.6805777549743652 0.6442614793777466 -0.09701734781265259
0.6770284175872803 0.7121049165725708 -0.12080669403076172
0.7612894177436829 0.5630370378494263 -0.07954742014408112
0.6345145106315613 0.559714674949646 -0.11475695669651031
0.6426042914390564 0.5443459153175354 -0.13531029224395752
0.6754356026649475 0.5384687185287476 -0.15194527804851532
0.7722175121307373 0.48113471269607544 -0.07667867839336395
0.6257181167602539 0.4882100522518158 -0.10049376636743546
0.6509434580802917 0.4849906265735626 -0.10276445746421814
0.6966719031333923 0.48746103048324585 -0.11121103167533875
0.7678999900817871 0.4084475040435791 -0.07557656615972519
0.6316903233528137 0.42213013768196106 -0.09526523947715759
0.6551247835159302 0.4247630536556244 -0.08060873299837112
0.7006911635398865 0.43021541833877563 -0.07453103363513947
0.7571057081222534 0.3445170223712921 -0.08111870288848877
0.6527859568595886 0.3596491515636444 -0.1035899966955185
0.6658316850662231 0.3647664785385132 -0.10278989374637604
0.7024421095848083 0.36153554916381836 -0.10140306502580643
