0.7092247605323792 0.38109666109085083 -1.9708416232333548e-07
0.6868539452552795 0.46475091576576233 -0.040339335799217224
0.6738625764846802 0.5499899387359619 -0.07262461632490158
0.6626696586608887 0.6237151622772217 -0.10032900422811508
0.659331202507019 0.7002913355827332 -0.1267346292734146
0.7823187112808228 0.505195140838623 -0.08304440230131149
0.6626217365264893 0.5107067823410034 -0.11576162278652191
0.660709023475647 0.4937202036380768 -0.13461202383041382
0.6908270120620728 0.4871184825897217 -0.15168757736682892
0.7971637845039368 0.4198186993598938 -0.08258692920207977
0.6541547179222107 0.43821200728416443 -0.1059880256652832
0.665597677230835 0.43186578154563904 -0.11047738045454025
0.705623984336853 0.4287065267562866 -0.12287837266921997
0.7927435040473938 0.34707921743392944 -0.0832563266158104
0.6583327651023865 0.3705746829509735 -0.10089853405952454
0.6680984497070312 0.36550259590148926 -0.08938833326101303
0.7084441184997559 0.3617512881755829 -0.08892414718866348
0.7790753841400146 0.28122037649154663 -0.09030675888061523
0.6736260652542114 0.30665773153305054 -0.10954173654317856
0.6750836372375488 0.3110630512237549 -0.10896774381399155
0.7055897116661072 0.30454933643341064 -0.11093597859144211
