0.5460262894630432 0.45596712827682495 -9.08950923417251e-08
0.5595052242279053 0.5724685788154602 -0.014850952662527561
0.5860849618911743 0.7060704231262207 -0.047608789056539536
0.6075209975242615 0.8016481995582581 -0.07736935466527939
0.5960424542427063 0.8857744336128235 -0.10648222267627716
0.6017999649047852 0.6456426978111267 -0.1157316192984581
0.7660606503486633 0.6949429512023926 -0.15783999860286713
0.7278867959976196 0.6935697793960571 -0.1641736775636673
0.6746915578842163 0.6751431822776794 -0.1609138548374176
0.6190464496612549 0.5486590266227722 -0.12668313086032867
0.7940742373466492 0.619067907333374 -0.1700759381055832
0.7487385869026184 0.6200737357139587 -0.16404302418231964
0.6953945159912109 0.5929246544837952 -0.15717273950576782
0.640116810798645 0.4699211120605469 -0.13356366753578186
0.79715496301651 0.5433723330497742 -0.166392520070076
0.7540601491928101 0.5454196929931641 -0.13936960697174072
0.702115535736084 0.5241749286651611 -0.11751187592744827
0.6661363840103149 0.4045256972312927 -0.14013518393039703
0.7825658917427063 0.4761921167373657 -0.16448478400707245
0.7475230693817139 0.48149505257606506 -0.1454966813325882
0.703153133392334 0.4581133723258972 -0.12897484004497528
