0.8289414644241333 0.45765581727027893 -7.034208238110295e-07
0.801813006401062 0.565998375415802 -0.03702424094080925
0.7403435707092285 0.6734093427658081 -0.05292551964521408
0.6939917206764221 0.7572059035301208 -0.06852688640356064
0.6712301969528198 0.8271918296813965 -0.07573368400335312
0.6363645792007446 0.6128429174423218 0.0033459444530308247
0.6056464910507202 0.6113999485969543 -0.034621551632881165
0.6745145916938782 0.5892024636268616 -0.056329019367694855
0.6997004151344299 0.586503267288208 -0.06755581498146057
0.6223569512367249 0.5433475375175476 0.0034247259609401226
0.5937589406967163 0.543793261051178 -0.03720696642994881
0.6727981567382812 0.534296452999115 -0.0465671680867672
0.686859130859375 0.5411075949668884 -0.044368017464876175
0.62529057264328 0.4723700284957886 -0.006036519072949886
0.5917625427246094 0.46641305088996887 -0.04542733356356621
0.6605891585350037 0.46653103828430176 -0.03218211978673935
0.677051842212677 0.47536700963974 -0.01452612318098545
0.6385788321495056 0.4047308564186096 -0.019631564617156982
0.6124160289764404 0.3945668041706085 -0.03969079256057739
0.6610423922538757 0.41027992963790894 -0.026897180825471878
0.6765310168266296 0.42610713839530945 -0.012444854713976383
