0.5227153897285461 0.4683796465396881 5.362883257475914e-07
0.4980543553829193 0.5494003295898438 -0.02012600190937519
0.48043617606163025 0.6291098594665527 -0.06242046505212784
0.49184271693229675 0.7140777111053467 -0.09929947555065155
0.5290975570678711 0.7905114889144897 -0.13646939396858215
0.5472064018249512 0.5578011870384216 -0.14337158203125
0.427595317363739 0.5717084407806396 -0.19106976687908173
0.39571279287338257 0.5554822683334351 -0.2022673487663269
0.3953663408756256 0.5449362397193909 -0.20192979276180267
0.5524871945381165 0.46720096468925476 -0.1529785692691803
0.41451168060302734 0.48763126134872437 -0.19220104813575745
0.3659365773200989 0.4824722409248352 -0.18317146599292755
0.34833550453186035 0.4826529026031494 -0.17647139728069305
0.5452368855476379 0.3922639787197113 -0.15733855962753296
0.41382551193237305 0.4117352366447449 -0.18451175093650818
0.36121058464050293 0.4130719006061554 -0.16198304295539856
0.33801764249801636 0.4225183427333832 -0.1462809145450592
0.5317643284797668 0.33361637592315674 -0.1613248586654663
0.4345988929271698 0.3447880148887634 -0.17153695225715637
0.38586118817329407 0.34197115898132324 -0.1511671245098114
0.3601473271846771 0.3479071855545044 -0.13871537148952484
