0.8509056568145752 0.38086408376693726 -7.57125633299438e-07
0.8219753503799438 0.4832570552825928 -0.04347958043217659
0.7606589198112488 0.5984628796577454 -0.06506241112947464
0.7194596529006958 0.6966924667358398 -0.08619249612092972
0.7084387540817261 0.7780227661132812 -0.0967165008187294
0.6636067032814026 0.5355742573738098 -0.007552613038569689
0.6114450097084045 0.5272102952003479 -0.048552725464105606
0.6889426708221436 0.5118564963340759 -0.06499737501144409
0.7168379426002502 0.5182048678398132 -0.07109156250953674
0.6520183682441711 0.466661661863327 -0.0037799605634063482
0.6129119396209717 0.457327276468277 -0.04689685255289078
0.7002389430999756 0.45326071977615356 -0.049209147691726685
0.7063230276107788 0.47335928678512573 -0.041683297604322433
0.6503015160560608 0.39858898520469666 -0.010305680334568024
0.6064012050628662 0.38935530185699463 -0.05182618275284767
0.6789219379425049 0.38865092396736145 -0.03274517133831978
0.6926276087760925 0.4033898711204529 -0.01081143505871296
0.6550625562667847 0.33569836616516113 -0.021527856588363647
0.6165726780891418 0.3219922184944153 -0.0393105186522007
0.6661302447319031 0.3337709903717041 -0.022742219269275665
0.6833757758140564 0.3501930832862854 -0.005883987061679363
