0.7310007810592651 0.4934253692626953 -9.137499432654295e-07
0.7465967535972595 0.5834836363792419 -0.05574227124452591
0.7179283499717712 0.7206047177314758 -0.08360779285430908
0.7020734548568726 0.8218821883201599 -0.09970077127218246
0.6892235279083252 0.9093831777572632 -0.10695026069879532
0.6081948280334473 0.6413200497627258 -0.08803967386484146
0.72037273645401 0.5961388945579529 -0.11734187602996826
0.7403055429458618 0.5942188501358032 -0.12379417568445206
0.7193449139595032 0.6093277931213379 -0.12917983531951904
0.5791220664978027 0.5526049137115479 -0.07641743123531342
0.7320120930671692 0.5085592269897461 -0.09972479939460754
0.7276254892349243 0.5281429886817932 -0.09190629422664642
0.69794100522995 0.5529305338859558 -0.0887756422162056
0.5798934698104858 0.46632832288742065 -0.06794696301221848
0.7107576727867126 0.4399948716163635 -0.09849269688129425
0.7121173739433289 0.46556395292282104 -0.07328518480062485
0.6852934956550598 0.4888837933540344 -0.05260046571493149
0.5942967534065247 0.3920711278915405 -0.0659516453742981
0.6724187135696411 0.37392348051071167 -0.10300733894109726
0.6793575286865234 0.39702627062797546 -0.09843255579471588
0.6636947989463806 0.41949576139450073 -0.08672048151493073
