0.860566258430481 0.530719518661499 2.966090448808245e-07
0.8229919672012329 0.6398878693580627 -0.023699983954429626
0.7746397852897644 0.7520852088928223 -0.045310091227293015
0.7349405884742737 0.8423792123794556 -0.06431960314512253
0.720950186252594 0.9200748205184937 -0.08330509066581726
0.7696576714515686 0.6754611730575562 -0.05693257972598076
0.7128498554229736 0.6818617582321167 -0.08827830851078033
0.6685010194778442 0.6863036751747131 -0.10732272267341614
0.6256774663925171 0.6874855160713196 -0.12069964408874512
0.7596559524536133 0.5907967686653137 -0.06056647002696991
0.6992611289024353 0.5980769991874695 -0.08987680822610855
0.6491125822067261 0.6074323058128357 -0.10166545957326889
0.6047598123550415 0.6141993403434753 -0.11274826526641846
0.7532278299331665 0.514202356338501 -0.06529600918292999
0.6883440613746643 0.5186179876327515 -0.09700143337249756
0.64249587059021 0.5255125761032104 -0.10101491212844849
0.6047259569168091 0.5355425477027893 -0.10210612416267395
0.7495313286781311 0.4456287920475006 -0.07086038589477539
0.6873174905776978 0.44298624992370605 -0.09380358457565308
0.6485270857810974 0.44911107420921326 -0.09726476669311523
0.6144599914550781 0.46150973439216614 -0.09964098036289215
