0.6570067405700684 0.47394320368766785 5.009767392039066e-07
0.6177881956100464 0.5469771027565002 -0.004969090223312378
0.5622884631156921 0.6132116317749023 -0.021668260917067528
0.5147754549980164 0.6482200026512146 -0.03643736615777016
0.4776446521282196 0.6525796055793762 -0.05236579850316048
0.5515206456184387 0.5983133912086487 -0.06032073125243187
0.45574134588241577 0.5892911553382874 -0.08389021456241608
0.4048547148704529 0.5672680735588074 -0.09166397899389267
0.37257397174835205 0.5465741157531738 -0.09360209852457047
0.5583780407905579 0.5307064652442932 -0.07003098726272583
0.45450079441070557 0.5170458555221558 -0.08790268748998642
0.39992648363113403 0.4938313364982605 -0.09051541984081268
0.36408746242523193 0.4746376872062683 -0.09140178561210632
0.5682411193847656 0.46029460430145264 -0.07663407176733017
0.46337229013442993 0.4507054090499878 -0.09101824462413788
0.41339224576950073 0.4303586483001709 -0.08652540296316147
0.38044917583465576 0.4142417907714844 -0.08252527564764023
0.5784401297569275 0.39404621720314026 -0.08186511695384979
0.5046367049217224 0.39419645071029663 -0.09347544610500336
0.47368350625038147 0.38835760951042175 -0.08509515225887299
0.4561213254928589 0.3844248652458191 -0.07631334662437439
