0.8507533073425293 0.3816143274307251 -8.173759624696686e-07
0.8222784996032715 0.4818551242351532 -0.03703053668141365
0.7744851112365723 0.5916039347648621 -0.0584125779569149
0.7475593090057373 0.6907075643539429 -0.0784665197134018
0.741833508014679 0.764337420463562 -0.09318117052316666
0.6433159708976746 0.528923511505127 -0.012583836913108826
0.6541333198547363 0.5286299586296082 -0.046191077679395676
0.7148206830024719 0.5124386548995972 -0.06874082237482071
0.7372698187828064 0.5028702616691589 -0.08113578706979752
0.6217330098152161 0.4542030990123749 -0.010927860625088215
0.6508395671844482 0.4526677429676056 -0.043351687490940094
0.7233244776725769 0.4526863992214203 -0.05500035360455513
0.7398714423179626 0.4578440487384796 -0.05718155950307846
0.6238375306129456 0.3797140121459961 -0.01580001227557659
0.6495802402496338 0.3792618215084076 -0.05108271539211273
0.7162300944328308 0.3892313241958618 -0.045801252126693726
0.7340932488441467 0.3982999920845032 -0.033857498317956924
0.6373711824417114 0.31456416845321655 -0.024119026958942413
0.6425256133079529 0.3145994544029236 -0.04032975807785988
0.6932739615440369 0.3326122462749481 -0.02781830169260502
0.7130387425422668 0.3450409173965454 -0.013019071891903877
