0.49434566497802734 0.42400193214416504 -5.65028756227548e-07
0.5209355354309082 0.5175666213035583 -0.03144324570894241
0.5812632441520691 0.6089943647384644 -0.05418224632740021
0.6259545087814331 0.6902489066123962 -0.07497579604387283
0.6437624096870422 0.7738581895828247 -0.09616716206073761
0.6701431274414062 0.559003472328186 -0.05964646488428116
0.5878506302833557 0.5583184361457825 -0.10936398804187775
0.5348187685012817 0.5400080680847168 -0.14466756582260132
0.5093316435813904 0.5242739319801331 -0.16438767313957214
0.6780973076820374 0.478128045797348 -0.061220984905958176
0.5782513618469238 0.48515647649765015 -0.10266242921352386
0.5259284973144531 0.46959587931632996 -0.11743427813053131
0.4972347021102905 0.45404553413391113 -0.12548767030239105
0.6708320379257202 0.40458938479423523 -0.06587286293506622
0.5781638622283936 0.408477783203125 -0.10288956016302109
0.5306327939033508 0.39954134821891785 -0.10151726007461548
0.506686806678772 0.3910468816757202 -0.0959421768784523
0.6541571021080017 0.33517515659332275 -0.0741291269659996
0.5888582468032837 0.337222695350647 -0.09853894263505936
0.5459251403808594 0.33890271186828613 -0.09580278396606445
0.525841474533081 0.3396976888179779 -0.08886130154132843
