0.8012164831161499 0.5387786030769348 -8.275289360426541e-07
0.8368788957595825 0.6515566110610962 -0.06850963085889816
0.8102883100509644 0.7906611561775208 -0.10287516564130783
0.7756925821304321 0.881409227848053 -0.12217450886964798
0.7389323711395264 0.959286093711853 -0.13240334391593933
0.6979113221168518 0.6759504079818726 -0.10817331075668335
0.8280432224273682 0.646237850189209 -0.13775679469108582
0.8482691049575806 0.6362699270248413 -0.14315682649612427
0.8322155475616455 0.6328724026679993 -0.1463451087474823
0.6619483828544617 0.5719150304794312 -0.09017817676067352
0.8482489585876465 0.5451294779777527 -0.11251754313707352
0.8323143720626831 0.5608594417572021 -0.10461296141147614
0.7982174158096313 0.5799741148948669 -0.10143735259771347
0.658417820930481 0.4857892394065857 -0.0746195912361145
0.8216608762741089 0.47512370347976685 -0.10389585047960281
0.8141212463378906 0.4943106770515442 -0.07129894942045212
0.7825993299484253 0.5128764510154724 -0.04416882246732712
0.6693882942199707 0.4177284240722656 -0.06700288504362106
0.7718355655670166 0.4099749028682709 -0.10508301854133606
0.773149847984314 0.42141157388687134 -0.09487904608249664
0.7527258396148682 0.4354998767375946 -0.07631278783082962
