0.7085055708885193 0.4015966057777405 5.110195644419946e-08
0.6935000419616699 0.4783419370651245 -0.04643125459551811
0.6942562460899353 0.563368022441864 -0.07436063140630722
0.6971675753593445 0.613464891910553 -0.09629166126251221
0.695582926273346 0.6289173364639282 -0.11501113325357437
0.7688679695129395 0.5175561308860779 -0.07439858466386795
0.652878999710083 0.5192373991012573 -0.11073776334524155
0.662275493144989 0.5216687917709351 -0.12928670644760132
0.6889658570289612 0.5241780877113342 -0.14170312881469727
0.7805899381637573 0.4385415315628052 -0.06695970147848129
0.6372698545455933 0.44134825468063354 -0.09277070313692093
0.6646302938461304 0.45228663086891174 -0.09226434677839279
0.7074684500694275 0.4596230089664459 -0.0942486822605133
0.7756271958351135 0.36803358793258667 -0.06286444514989853
0.6425558924674988 0.3752014935016632 -0.08333595842123032
0.6664128303527832 0.38346153497695923 -0.06400316953659058
0.7101372480392456 0.39096716046333313 -0.050263337790966034
0.761618435382843 0.3041630983352661 -0.06617730110883713
0.662285566329956 0.3187195360660553 -0.08872930705547333
0.6782547235488892 0.32669153809547424 -0.08652988076210022
0.7136067748069763 0.32656174898147583 -0.0805930495262146
