0.5253360271453857 0.428681343793869 -3.8892687825864414e-07
0.48216232657432556 0.5438846349716187 -0.009620612487196922
0.41429904103279114 0.6436540484428406 -0.027476469054818153
0.35755887627601624 0.724507749080658 -0.04434579238295555
0.3449205756187439 0.8023017644882202 -0.056996770203113556
0.38145729899406433 0.5894069075584412 -0.0440949909389019
0.28380611538887024 0.5630291700363159 -0.06590121984481812
0.30935946106910706 0.5589266419410706 -0.06885591149330139
0.3459143340587616 0.5625066757202148 -0.06632042676210403
0.3766811192035675 0.5087711215019226 -0.050632771104574203
0.2732616364955902 0.49938327074050903 -0.06435326486825943
0.3022647798061371 0.4979248344898224 -0.05647299438714981
0.34024950861930847 0.4971539080142975 -0.05124176666140556
0.371206134557724 0.4337453842163086 -0.05645453557372093
0.26970288157463074 0.4331730306148529 -0.06384112685918808
0.29954999685287476 0.4343937039375305 -0.041867438703775406
0.3383254408836365 0.43391910195350647 -0.027658279985189438
0.3680996000766754 0.36669713258743286 -0.0627085492014885
0.27522143721580505 0.3719407021999359 -0.05924266576766968
0.29869982600212097 0.37452948093414307 -0.03716550022363663
0.332467257976532 0.37449535727500916 -0.022373799234628677
