0.7386156320571899 0.43952444195747375 -5.743385713685711e-07
0.7366819381713867 0.5401982665061951 -0.037082601338624954
0.7701013684272766 0.64743572473526 -0.059743478894233704
0.7926100492477417 0.738745391368866 -0.07969838380813599
0.807338297367096 0.8272788524627686 -0.0962463840842247
0.8939522504806519 0.6110923886299133 -0.04923153668642044
0.7782720327377319 0.6089019179344177 -0.0874466672539711
0.7448002696037292 0.5722272992134094 -0.1108940839767456
0.7639340758323669 0.5590701699256897 -0.1273781657218933
0.9180337190628052 0.5288510322570801 -0.04972006008028984
0.7755049467086792 0.5348718762397766 -0.08208354562520981
0.7482293844223022 0.5087941288948059 -0.09262009710073471
0.7730802297592163 0.5009860992431641 -0.10246710479259491
0.9169783592224121 0.4516896605491638 -0.054195985198020935
0.788140594959259 0.4619257152080536 -0.08690782636404037
0.7595301866531372 0.4423769414424896 -0.08530062437057495
0.7815624475479126 0.4355088174343109 -0.08417195081710815
0.9030836820602417 0.37691187858581543 -0.06315992027521133
0.8186792135238647 0.384931743144989 -0.08818624913692474
0.794482946395874 0.38013458251953125 -0.08978874236345291
0.8072496056556702 0.3766874670982361 -0.08852466195821762
