0.5562465190887451 0.3936016857624054 -4.338021710736939e-07
0.5192978978157043 0.5032585859298706 0.0044547379948198795
0.4710082411766052 0.5939516425132751 -0.011883971281349659
0.42125070095062256 0.6365306973457336 -0.030162692070007324
0.3806571066379547 0.6192750930786133 -0.04473184421658516
0.4474680423736572 0.5764495730400085 -0.06288892030715942
0.31743913888931274 0.5789422392845154 -0.09003668278455734
0.33413225412368774 0.5642415881156921 -0.08966348320245743
0.37388885021209717 0.5558742880821228 -0.08096376806497574
0.43397247791290283 0.49128493666648865 -0.0757594034075737
0.30616962909698486 0.5088659524917603 -0.09772378206253052
0.32762274146080017 0.4955861568450928 -0.08702261000871658
0.37135598063468933 0.4809597134590149 -0.07535097002983093
0.4188190698623657 0.40876704454421997 -0.08508851379156113
0.3008221685886383 0.4365256130695343 -0.0966544896364212
0.32287561893463135 0.43046703934669495 -0.07384150475263596
0.36469247937202454 0.41927891969680786 -0.055334024131298065
0.4055308997631073 0.33519279956817627 -0.09302933514118195
0.3001972734928131 0.3655397891998291 -0.09365685284137726
0.3112017512321472 0.36788344383239746 -0.07256045192480087
0.3441618084907532 0.3583475351333618 -0.05533957853913307
