0.7900258898735046 0.4792569577693939 -5.18984165864822e-07
0.7563943862915039 0.5826480388641357 -0.026231614872813225
0.7163501977920532 0.6915583610534668 -0.042651981115341187
0.6899941563606262 0.7750054001808167 -0.0605359710752964
0.6733438968658447 0.8351959586143494 -0.07219567149877548
0.6393868923187256 0.6076750755310059 -0.012104283086955547
0.5749064683914185 0.6178159117698669 -0.04384930804371834
0.6225908398628235 0.6094212532043457 -0.05933932587504387
0.6548134088516235 0.6082317233085632 -0.06549149006605148
0.6294386386871338 0.5362652540206909 -0.013605517335236073
0.5755044221878052 0.5437661409378052 -0.045098647475242615
0.625938892364502 0.53850919008255 -0.052247144281864166
0.6481634974479675 0.5414038300514221 -0.052621908485889435
0.629083514213562 0.4708309471607208 -0.021290961652994156
0.5699997544288635 0.47119688987731934 -0.050481166690588
0.6107431054115295 0.47091060876846313 -0.04139217734336853
0.634699821472168 0.47518688440322876 -0.02964731492102146
0.6363288164138794 0.4140324890613556 -0.0315951369702816
0.5887724757194519 0.40492790937423706 -0.04672813415527344
0.6011580228805542 0.4069468379020691 -0.03830358013510704
0.6054868102073669 0.41060882806777954 -0.028954602777957916
