0.5231335759162903 0.4377833902835846 -9.541228962461901e-08
0.5098803639411926 0.5373348593711853 -0.05406346544623375
0.5171599388122559 0.6301784515380859 -0.09751054644584656
0.5313282012939453 0.7132837772369385 -0.13019518554210663
0.5536077618598938 0.7899918556213379 -0.1613924354314804
0.5923694968223572 0.5582736134529114 -0.13209351897239685
0.5216562151908875 0.5384941101074219 -0.1798948049545288
0.5028949975967407 0.553410530090332 -0.20406527817249298
0.5142932534217834 0.574898362159729 -0.21876291930675507
0.5983151197433472 0.4592444598674774 -0.12151015549898148
0.4947699010372162 0.47486934065818787 -0.1528705507516861
0.48927605152130127 0.5033016800880432 -0.14871253073215485
0.5080675482749939 0.5158096551895142 -0.15144193172454834
0.5933424234390259 0.38032734394073486 -0.11160290241241455
0.48561233282089233 0.407484233379364 -0.13269898295402527
0.482419490814209 0.43145203590393066 -0.10889317840337753
0.5038612484931946 0.44240885972976685 -0.09681820124387741
0.5835726857185364 0.31557148694992065 -0.10860642045736313
0.49816012382507324 0.3438263535499573 -0.1270892471075058
0.488858699798584 0.3653707504272461 -0.11737493425607681
0.5046219229698181 0.37399041652679443 -0.10999353975057602
