0.6523094177246094 0.3919355869293213 -1.1993901694040687e-07
0.6399357318878174 0.4764976501464844 -0.05056039243936539
0.6478933095932007 0.5643096566200256 -0.08385878801345825
0.6577032208442688 0.637621283531189 -0.11016679555177689
0.6786737442016602 0.70884108543396 -0.13437338173389435
0.7316145300865173 0.4907069206237793 -0.08725208789110184
0.6198230385780334 0.4848746657371521 -0.12990272045135498
0.6157787442207336 0.49754852056503296 -0.1552533209323883
0.6445404887199402 0.5126691460609436 -0.17280656099319458
0.7382624745368958 0.40798571705818176 -0.08063197880983353
0.6090631484985352 0.41203007102012634 -0.10977688431739807
0.6168427467346191 0.4313250184059143 -0.115070641040802
0.656660795211792 0.4436134696006775 -0.12500716745853424
0.7307435274124146 0.3386467397212982 -0.07751763612031937
0.6136429905891418 0.347240149974823 -0.10161460191011429
0.6157339215278625 0.3654322922229767 -0.08993414789438248
0.6518944501876831 0.37549757957458496 -0.08593342453241348
0.7165037989616394 0.2785685062408447 -0.08141233026981354
0.6283426284790039 0.28972548246383667 -0.10123637318611145
0.6241201162338257 0.3050241470336914 -0.09818939119577408
0.645679771900177 0.3086544871330261 -0.09679562598466873
