0.9312835335731506 0.4524211287498474 -6.061819135538826e-07
0.8739191293716431 0.5669611096382141 -0.004924568347632885
0.812258780002594 0.6687912940979004 -0.02035580575466156
0.7652140259742737 0.7629103064537048 -0.03847537562251091
0.7389717698097229 0.8401360511779785 -0.05387147516012192
0.7268412709236145 0.544601559638977 -0.01413721777498722
0.6844172477722168 0.550076425075531 -0.02373005449771881
0.7164615392684937 0.5553492903709412 -0.030061984434723854
0.7540023922920227 0.5518729090690613 -0.03376327082514763
0.7230501174926758 0.46697115898132324 -0.021759629249572754
0.670096218585968 0.48145484924316406 -0.026275062933564186
0.7009265422821045 0.493762731552124 -0.027819283306598663
0.7394061088562012 0.4900481700897217 -0.03127903863787651
0.7334594130516052 0.399540513753891 -0.0285068117082119
0.6633391380310059 0.412265419960022 -0.029820658266544342
0.6890668869018555 0.42503392696380615 -0.01835767552256584
0.726678192615509 0.42536497116088867 -0.012460081838071346
0.7526065707206726 0.3446162939071655 -0.03550822660326958
0.6845648884773254 0.34455373883247375 -0.034034471958875656
0.6926023364067078 0.35647860169410706 -0.018837785348296165
0.7138156294822693 0.35752761363983154 -0.007022421807050705
