0.5318853855133057 0.4700394570827484 -9.174202375561435e-08
0.5448440909385681 0.5874062776565552 -0.014836916700005531
0.5831077098846436 0.7312257885932922 -0.04391228035092354
0.6067332029342651 0.8451278209686279 -0.07133620977401733
0.5868944525718689 0.9443706274032593 -0.09913173317909241
0.5966593027114868 0.6781041026115417 -0.09031123667955399
0.7495185136795044 0.7291141152381897 -0.1296495944261551
0.7215677499771118 0.7245513796806335 -0.14106641709804535
0.6758297085762024 0.7088422179222107 -0.14201289415359497
0.6151281595230103 0.5933835506439209 -0.09927155077457428
0.7801428437232971 0.6631954908370972 -0.13776475191116333
0.7457068562507629 0.6629610061645508 -0.1386914849281311
0.694425106048584 0.6368674635887146 -0.13551585376262665
0.6386417150497437 0.5191172957420349 -0.10581602901220322
0.78932785987854 0.5927363634109497 -0.13431452214717865
0.7580512762069702 0.5894331932067871 -0.1168399304151535
0.7102875113487244 0.5672878623008728 -0.10057463496923447
0.6679876446723938 0.45655903220176697 -0.11234959214925766
0.7812372446060181 0.5278889536857605 -0.13255751132965088
0.7548537254333496 0.5261571407318115 -0.11964605748653412
0.7135517597198486 0.5008041858673096 -0.10716888308525085
