0.7028595805168152 0.4271925985813141 -9.052109817275777e-08
0.684575080871582 0.5086549520492554 -0.049800265580415726
0.6823219060897827 0.5871046185493469 -0.08031865209341049
0.6918365955352783 0.6472132205963135 -0.10311826318502426
0.7055489420890808 0.7173845171928406 -0.12326023727655411
0.7605752348899841 0.5499504804611206 -0.08725087344646454
0.6349700093269348 0.5499328374862671 -0.12398596853017807
0.6424936056137085 0.5387960076332092 -0.1444195806980133
0.6744146943092346 0.5317213535308838 -0.16079242527484894
0.7724688649177551 0.46850839257240295 -0.07972153276205063
0.6272552013397217 0.47774383425712585 -0.1066834107041359
0.6541038155555725 0.4756259322166443 -0.11050385981798172
0.7001013159751892 0.47374874353408813 -0.11993956565856934
0.7679522633552551 0.39613327383995056 -0.0746351033449173
0.6332813501358032 0.40872979164123535 -0.09769732505083084
0.6579594612121582 0.4114043712615967 -0.08375068753957748
0.704481303691864 0.4153721332550049 -0.07781669497489929
0.7552003264427185 0.331798255443573 -0.07660837471485138
0.6543401479721069 0.3491209149360657 -0.10344088822603226
0.6700594425201416 0.3545452058315277 -0.10475721955299377
0.7077162265777588 0.3493404984474182 -0.1042771264910698
