0.8378456830978394 0.4650476574897766 -2.4832621647874475e-07
0.7952674031257629 0.5680478811264038 -0.04341519623994827
0.7582312822341919 0.6622282266616821 -0.08229696750640869
0.7479532957077026 0.743270754814148 -0.11551554501056671
0.7507357001304626 0.8301253318786621 -0.14801007509231567
0.8279926776885986 0.605998694896698 -0.11479485780000687
0.7202104330062866 0.6011141538619995 -0.17295300960540771
0.667817234992981 0.6034095883369446 -0.20876316726207733
0.6424753665924072 0.6023426651954651 -0.2293572872877121
0.8471086025238037 0.5192959308624268 -0.11690003424882889
0.6999051570892334 0.5220034122467041 -0.16652412712574005
0.653419554233551 0.5366135239601135 -0.17590254545211792
0.6343919038772583 0.5427013039588928 -0.18558810651302338
0.8485040068626404 0.44614866375923157 -0.1202910989522934
0.6994554996490479 0.4563077688217163 -0.16081318259239197
0.6630417108535767 0.4692138731479645 -0.14758971333503723
0.655112087726593 0.47443482279777527 -0.139500692486763
0.8401846885681152 0.38763627409935 -0.12860794365406036
0.7272581458091736 0.389458030462265 -0.15675434470176697
0.7096180319786072 0.40380385518074036 -0.14957454800605774
0.718961775302887 0.41197967529296875 -0.14434237778186798
