0.8372872471809387 0.46271824836730957 -6.989453140704427e-07
0.8114234805107117 0.5653915405273438 -0.03811132162809372
0.7457764148712158 0.6613292098045349 -0.05014088377356529
0.6736493110656738 0.71558678150177 -0.06086408346891403
0.6163097023963928 0.7281651496887207 -0.06249117851257324
0.6657996773719788 0.5921928882598877 0.0021838222164660692
0.6090941429138184 0.591996967792511 -0.03604983165860176
0.6753411293029785 0.5792062878608704 -0.05350588262081146
0.7114807963371277 0.5733956098556519 -0.05950995162129402
0.6570490598678589 0.5218276977539062 0.004294590093195438
0.5982166528701782 0.5202068090438843 -0.037500765174627304
0.6759475469589233 0.5180532336235046 -0.04601142928004265
0.6997027397155762 0.5252081751823425 -0.041092634201049805
0.6587629914283752 0.45541292428970337 -0.003236135933548212
0.6006169319152832 0.4423917531967163 -0.04624002054333687
0.6699737906455994 0.44952836632728577 -0.03285522013902664
0.6936196684837341 0.46229445934295654 -0.012357352301478386
0.6702052354812622 0.3902429938316345 -0.014403038658201694
0.6252410411834717 0.3781486749649048 -0.038503702729940414
0.6739312410354614 0.3928408920764923 -0.025855466723442078
0.6969806551933289 0.4095017611980438 -0.009784947149455547
