0.8424569964408875 0.4602698087692261 -7.169344939939037e-07
0.813130795955658 0.562941312789917 -0.03305002674460411
0.7371065020561218 0.6563950777053833 -0.041500311344861984
0.6741793751716614 0.7203722596168518 -0.04985130578279495
0.6349541544914246 0.7686749696731567 -0.049990203231573105
0.6631419658660889 0.5928691029548645 0.004892456810921431
0.6076577305793762 0.5932220220565796 -0.02990611642599106
0.6774819493293762 0.575428307056427 -0.04501156881451607
0.7119390368461609 0.5697492361068726 -0.04999532178044319
0.6535104513168335 0.5223439335823059 0.0055356197990477085
0.5958418846130371 0.5203229784965515 -0.03382638096809387
0.6773585081100464 0.5166746377944946 -0.040438201278448105
0.7002968192100525 0.5247253179550171 -0.03470119461417198
0.6570754051208496 0.45437365770339966 -0.0025846115313470364
0.598588228225708 0.44180139899253845 -0.04199068248271942
0.6707642078399658 0.44716283679008484 -0.026285376399755478
0.6955682039260864 0.4582063853740692 -0.00531960790976882
0.6694965362548828 0.3904554843902588 -0.014026720076799393
0.6270343065261841 0.3768243193626404 -0.034086644649505615
0.677369236946106 0.390587717294693 -0.019193904474377632
0.6989165544509888 0.40370798110961914 -0.0026384780649095774
