0.8092724084854126 0.45996448397636414 -6.991351710894378e-07
0.7829093933105469 0.5634183287620544 -0.03379523754119873
0.7066313028335571 0.6613520979881287 -0.044312912970781326
0.6477066278457642 0.7345156073570251 -0.055062435567379
0.623692512512207 0.803092360496521 -0.05808461830019951
0.6357678174972534 0.6003758311271667 0.003155309706926346
0.5802031755447388 0.5999332070350647 -0.03425770252943039
0.6486244797706604 0.5809919238090515 -0.051410526037216187
0.6819067597389221 0.5781322717666626 -0.057443421334028244
0.6228384971618652 0.532060980796814 0.003923235461115837
0.5704783797264099 0.5317067503929138 -0.036013826727867126
0.650261402130127 0.523298978805542 -0.04286262020468712
0.6708881258964539 0.5317039489746094 -0.037983763962984085
0.6217126846313477 0.46536484360694885 -0.004327769391238689
0.5693849921226501 0.4578665494918823 -0.0438193716108799
0.6404341459274292 0.45773443579673767 -0.02855169214308262
0.6644667387008667 0.4684150218963623 -0.008450767025351524
0.628197968006134 0.40447795391082764 -0.01602674089372158
0.5888421535491943 0.392708957195282 -0.03377680853009224
0.6384339928627014 0.40249308943748474 -0.018551111221313477
0.6588449478149414 0.4164050817489624 -0.0026149640325456858
