0.8013126850128174 0.4924081265926361 -6.788638984289719e-07
0.788418173789978 0.5893177390098572 -0.03389377146959305
0.7516992092132568 0.6976196765899658 -0.05356677994132042
0.7329171895980835 0.7889870405197144 -0.07461175322532654
0.7329593896865845 0.8578135967254639 -0.09031795710325241
0.6560001969337463 0.6376932263374329 -0.016944212839007378
0.6040989756584167 0.6512343883514404 -0.052762649953365326
0.655487060546875 0.6263132691383362 -0.07166515290737152
0.6830012798309326 0.6149532794952393 -0.0805269330739975
0.6359259486198425 0.5652146339416504 -0.018178099766373634
0.6029918789863586 0.5696971416473389 -0.05576159432530403
0.6711416244506836 0.5538312196731567 -0.0645538941025734
0.6944037675857544 0.5581002235412598 -0.0642503872513771
0.6292299032211304 0.4936181306838989 -0.026361994445323944
0.5925746560096741 0.49508002400398254 -0.06190608814358711
0.6539441347122192 0.48973649740219116 -0.050993163138628006
0.6805848479270935 0.49522361159324646 -0.0361701175570488
0.6309221982955933 0.4272082448005676 -0.03802651911973953
0.5928983092308044 0.4221971035003662 -0.05418859049677849
0.6328728795051575 0.42946749925613403 -0.04033536836504936
0.6559730768203735 0.43915122747421265 -0.02642044425010681
