0.9048421382904053 0.342296302318573 -9.33542764869344e-07
0.8637772798538208 0.4480130672454834 -0.041971899569034576
0.7535433769226074 0.5526174306869507 -0.04574345052242279
0.6788089275360107 0.6156099438667297 -0.0486297532916069
0.6506311893463135 0.6837912797927856 -0.04185574874281883
0.6838293075561523 0.4807804226875305 0.010048591531813145
0.6240577101707458 0.45102497935295105 -0.03473613038659096
0.7049720287322998 0.452327162027359 -0.05305735766887665
0.7319114804267883 0.4723997116088867 -0.05902892351150513
0.6764345169067383 0.41202735900878906 0.015385380014777184
0.6265971660614014 0.3832053542137146 -0.03549988940358162
0.7196766138076782 0.39234086871147156 -0.042056720703840256
0.7311432361602783 0.41009020805358887 -0.033640775829553604
0.6811789274215698 0.348554790019989 0.008617246523499489
0.6300137042999268 0.3196414113044739 -0.04228944703936577
0.7115863561630249 0.33037233352661133 -0.0264392402023077
0.730316698551178 0.34233230352401733 -0.002301821717992425
0.6899760365486145 0.2898715138435364 -0.002373958006501198
0.6519421339035034 0.26669031381607056 -0.026232963427901268
0.7111040949821472 0.2797626554965973 -0.01136990636587143
0.7302963733673096 0.292418897151947 0.006722741294652224
