0.7038880586624146 0.40359675884246826 -1.8052449490824074e-07
0.6838927268981934 0.48774176836013794 -0.04195953160524368
0.6799094676971436 0.5731688737869263 -0.07296944409608841
0.6843032836914062 0.6449532508850098 -0.09864598512649536
0.7045415043830872 0.7140102982521057 -0.12213881313800812
0.7805677652359009 0.5254380702972412 -0.07801444083452225
0.661461353302002 0.5221074223518372 -0.11446207761764526
0.6587039232254028 0.5177130699157715 -0.1361684501171112
0.6880412101745605 0.5195916295051575 -0.15279802680015564
0.7935941219329834 0.43954703211784363 -0.07456868886947632
0.6502912640571594 0.4454670548439026 -0.09846667945384979
0.6614426970481873 0.45142385363578796 -0.10175604373216629
0.7033743262290955 0.45786815881729126 -0.11116455495357513
0.7894921898841858 0.36512792110443115 -0.07338162511587143
0.6571509838104248 0.3776048421859741 -0.09273673593997955
0.6664338111877441 0.3863794207572937 -0.07826158404350281
0.7072310447692871 0.39372774958610535 -0.07311596721410751
0.7774462699890137 0.2985309660434723 -0.0786539763212204
0.6765670776367188 0.3136330246925354 -0.09828450530767441
0.6785402894020081 0.32272088527679443 -0.0952836126089096
0.7072890996932983 0.32214897871017456 -0.09308026731014252
