0.5033421516418457 0.9930852651596069 3.2046744991021114e-07
0.5061675310134888 0.9530335068702698 -0.009431261569261551
0.49303966760635376 0.9017131924629211 -0.013756475411355495
0.4802285432815552 0.8682219982147217 -0.017818128690123558
0.47042927145957947 0.8426001667976379 -0.02127652056515217
0.44944605231285095 0.8844415545463562 -0.004240457899868488
0.4319887161254883 0.8318568468093872 -0.014663218520581722
0.42267975211143494 0.7927161455154419 -0.02351750247180462
0.41504013538360596 0.7626909613609314 -0.02875162847340107
0.4392622709274292 0.8934949636459351 -0.005129771772772074
0.425166517496109 0.8341159820556641 -0.013525156304240227
0.4176693260669708 0.7957485914230347 -0.02017744816839695
0.41019895672798157 0.7635697722434998 -0.02393944188952446
0.43536579608917236 0.9000510573387146 -0.007760950829833746
0.4200030267238617 0.8432286977767944 -0.013699784874916077
0.41222527623176575 0.8058796525001526 -0.01527097262442112
0.40590617060661316 0.7743781805038452 -0.015352861024439335
0.43642523884773254 0.9058749079704285 -0.011930719017982483
0.4216129183769226 0.8574064373970032 -0.013240411877632141
0.4154243469238281 0.8271502256393433 -0.010503211058676243
0.4127786159515381 0.8033403754234314 -0.007719769142568111
